time clf t2 rh ws wd ghi poa_global poa_direct poa_diffuse
2023-08-09_07:00:00 0.0 26.71 84.03 2.42 249.53 0.0 0.0 0.0 0.0
2023-08-09_07:15:00 0.0 27.29 80.82 2.56 253.7 312.03 678.8 636.83 41.98
2023-08-09_07:30:00 0.0 27.51 79.68 2.66 252.06 312.03 652.7 610.73 41.98
2023-08-09_07:45:00 0.0 27.97 77.62 2.83 250.41 432.82 677.5 630.32 47.18
2023-08-09_08:00:00 0.0 28.25 76.31 3.13 256.77 432.82 644.41 597.22 47.18
2023-08-09_08:15:00 0.0 28.65 74.58 3.38 262.34 549.1 642.61 591.47 51.14
2023-08-09_08:30:00 0.0 29.02 72.87 3.27 260.16 549.1 603.28 552.14 51.14
2023-08-09_08:45:00 0.0 29.44 70.99 3.47 263.82 657.26 583.3 529.03 54.27
2023-08-09_09:00:00 0.0 29.76 69.41 3.5 265.68 657.26 538.61 484.34 54.27
2023-08-09_09:15:00 0.0 30.17 67.53 3.64 265.83 754.54 505.7 448.93 56.77
2023-08-09_09:30:00 0.0 30.45 66.16 3.58 264.61 754.54 456.63 399.86 56.77
2023-08-09_09:45:00 0.0 30.86 64.32 3.6 265.53 838.44 414.36 355.61 58.75
2023-08-09_10:00:00 0.0 31.13 62.93 3.56 264.29 838.44 362.01 303.26 58.75
2023-08-09_10:15:00 0.0 31.46 61.48 3.69 264.06 907.56 313.47 253.19 60.28
2023-08-09_10:30:00 0.0 31.73 60.19 3.78 264.53 907.56 259.08 198.8 60.28
2023-08-09_10:45:00 0.0 32.08 58.67 3.96 265.83 960.05 207.19 145.39 61.8
2023-08-09_11:00:00 0.0 32.38 57.31 4.13 267.49 960.05 153.1 91.29 61.8
2023-08-09_11:15:00 0.0 32.66 56.08 4.13 267.07 969.78 108.44 30.22 78.22
2023-08-09_11:30:00 0.0 32.93 54.91 3.99 266.96 969.78 78.22 0.0 78.22
2023-08-09_11:45:00 0.0 33.19 53.81 4.03 265.31 1006.45 66.6 0.0 66.6
2023-08-09_12:00:00 0.0 33.46 52.7 3.97 265.79 1006.45 66.6 0.0 66.6
2023-08-09_12:15:00 0.0 33.5 52.2 3.86 265.07 813.85 82.6 0.0 82.6
2023-08-09_12:30:00 0.0 33.7 51.37 3.78 264.16 813.85 82.6 0.0 82.6
2023-08-09_12:45:00 0.0 33.9 50.62 3.73 264.58 831.33 69.22 0.0 69.22
2023-08-09_13:00:00 0.0 34.08 49.95 3.71 264.09 831.33 69.22 0.0 69.22
2023-08-09_13:15:00 0.0 34.17 49.56 3.74 262.88 822.66 82.07 0.0 82.07
2023-08-09_13:30:00 0.0 34.31 49.09 3.77 262.38 822.66 82.07 0.0 82.07
2023-08-09_13:45:00 0.0 34.29 49.16 3.87 261.28 633.19 64.57 0.0 64.57
2023-08-09_14:00:00 0.0 34.34 49.12 3.97 259.28 633.19 64.57 0.0 64.57
2023-08-09_14:15:00 0.0 34.47 48.78 4.04 257.15 728.0 65.12 0.0 65.12
2023-08-09_14:30:00 0.0 34.57 48.39 4.01 254.1 728.0 65.12 0.0 65.12
2023-08-09_14:45:00 0.0 34.62 48.1 3.93 252.49 681.49 56.39 0.0 56.39
2023-08-09_15:00:00 0.0 34.72 47.84 3.98 251.53 681.49 56.39 0.0 56.39
2023-08-09_15:15:00 0.0 34.67 48.1 4.02 249.54 499.64 47.47 0.0 47.47
2023-08-09_15:30:00 0.0 34.71 48.14 4.04 248.2 499.64 47.47 0.0 47.47
2023-08-09_15:45:00 0.0 34.54 48.75 3.85 246.71 388.18 49.84 0.0 49.84
2023-08-09_16:00:00 0.0 34.54 48.98 3.85 246.02 388.18 49.84 0.0 49.84
2023-08-09_16:15:00 0.0 34.11 50.65 3.98 245.48 304.79 45.77 0.0 45.77
2023-08-09_16:30:00 0.0 33.74 52.55 4.02 241.63 304.79 45.77 0.0 45.77
2023-08-09_16:45:00 0.0 33.35 54.43 3.75 233.32 224.97 33.14 0.0 33.14
2023-08-09_17:00:00 0.0 33.27 55.26 3.8 230.5 224.97 33.14 0.0 33.14
2023-08-09_17:15:00 0.0 33.09 56.47 3.97 226.27 163.25 32.83 0.0 32.83
2023-08-09_17:30:00 0.0 32.89 57.6 4.25 220.19 163.25 32.83 0.0 32.83
2023-08-09_17:45:00 0.0 32.3 60.07 3.9 217.32 68.59 21.46 0.0 21.46
2023-08-09_18:00:00 0.0 32.13 60.91 3.97 219.13 68.59 21.46 0.0 21.46
2023-08-09_18:15:00 0.0 31.45 63.08 3.81 219.88 0.0 0.0 0.0 0.0
2023-08-09_18:30:00 0.0 31.14 64.02 4.01 222.9 0.0 0.0 0.0 0.0
2023-08-09_18:45:00 0.0 30.76 65.04 3.97 229.55 0.0 0.0 0.0 0.0
2023-08-09_19:00:00 0.0 30.34 66.29 3.81 237.77 0.0 0.0 0.0 0.0
2023-08-09_19:15:00 0.0 29.98 67.56 3.61 242.89 0.0 0.0 0.0 0.0
2023-08-09_19:30:00 0.0 29.75 68.4 3.38 243.07 0.0 0.0 0.0 0.0
2023-08-09_19:45:00 0.0 29.64 68.66 3.31 238.45 0.0 0.0 0.0 0.0
2023-08-09_20:00:00 0.0 29.5 68.73 3.45 234.96 0.0 0.0 0.0 0.0
2023-08-09_20:15:00 0.0 29.24 69.24 3.67 234.76 0.0 0.0 0.0 0.0
2023-08-09_20:30:00 0.0 29.05 69.52 3.94 237.05 0.0 0.0 0.0 0.0
2023-08-09_20:45:00 0.0 28.78 70.36 3.95 239.28 0.0 0.0 0.0 0.0
2023-08-09_21:00:00 0.0 28.6 70.98 3.97 240.29 0.0 0.0 0.0 0.0
2023-08-09_21:15:00 0.0 28.4 71.79 3.98 241.47 0.0 0.0 0.0 0.0
2023-08-09_21:30:00 0.0 28.23 72.69 3.94 242.24 0.0 0.0 0.0 0.0
2023-08-09_21:45:00 0.0 28.04 73.82 3.84 241.61 0.0 0.0 0.0 0.0
2023-08-09_22:00:00 0.0 27.89 74.91 3.75 242.07 0.0 0.0 0.0 0.0
2023-08-09_22:15:00 0.0 27.69 76.32 3.6 242.09 0.0 0.0 0.0 0.0
2023-08-09_22:30:00 0.0 27.54 77.52 3.45 240.79 0.0 0.0 0.0 0.0
2023-08-09_22:45:00 0.0 27.42 78.55 3.35 238.85 0.0 0.0 0.0 0.0
2023-08-09_23:00:00 0.0 27.3 79.53 3.37 237.19 0.0 0.0 0.0 0.0
2023-08-09_23:15:00 0.0 27.17 80.64 3.34 236.68 0.0 0.0 0.0 0.0
2023-08-09_23:30:00 0.0 27.06 81.59 3.36 237.1 0.0 0.0 0.0 0.0
2023-08-09_23:45:00 0.0 26.93 82.72 3.16 238.76 0.0 0.0 0.0 0.0
2023-08-10_00:00:00 0.0 26.81 83.85 2.94 239.69 0.0 0.0 0.0 0.0
2023-08-10_00:15:00 0.0 26.67 85.02 2.83 240.2 0.0 0.0 0.0 0.0
2023-08-10_00:30:00 0.0 26.6 85.8 2.92 240.45 0.0 0.0 0.0 0.0
2023-08-10_00:45:00 0.0 26.5 86.73 2.87 240.67 0.0 0.0 0.0 0.0
2023-08-10_01:00:00 0.0 26.41 87.56 2.84 241.16 0.0 0.0 0.0 0.0
2023-08-10_01:15:00 0.0 26.34 88.25 2.91 241.14 0.0 0.0 0.0 0.0
2023-08-10_01:30:00 0.0 26.25 89.08 2.75 241.27 0.0 0.0 0.0 0.0
2023-08-10_01:45:00 0.0 26.22 89.58 2.71 240.5 0.0 0.0 0.0 0.0
2023-08-10_02:00:00 0.0 26.15 90.29 2.6 240.18 0.0 0.0 0.0 0.0
2023-08-10_02:15:00 0.0 26.1 90.82 2.54 240.93 0.0 0.0 0.0 0.0
2023-08-10_02:30:00 0.0 26.05 91.37 2.39 242.13 0.0 0.0 0.0 0.0
2023-08-10_02:45:00 0.0 26.15 91.2 2.38 242.99 0.0 0.0 0.0 0.0
2023-08-10_03:00:00 0.0 26.12 91.56 2.39 242.51 0.0 0.0 0.0 0.0
2023-08-10_03:15:00 0.0 26.06 92.08 2.39 242.76 0.0 0.0 0.0 0.0
2023-08-10_03:30:00 0.0 26.04 92.39 2.46 241.88 0.0 0.0 0.0 0.0
2023-08-10_03:45:00 0.0 26.11 92.23 2.63 242.16 0.0 0.0 0.0 0.0
2023-08-10_04:00:00 0.0 26.1 92.5 2.58 241.15 0.0 0.0 0.0 0.0
2023-08-10_04:15:00 0.0 26.0 93.13 2.45 239.16 0.0 0.0 0.0 0.0
2023-08-10_04:30:00 0.0 25.96 93.43 2.37 236.6 0.0 0.0 0.0 0.0
2023-08-10_04:45:00 0.0 25.83 94.15 2.24 235.09 0.0 0.0 0.0 0.0
2023-08-10_05:00:00 0.0 25.77 94.51 2.22 234.77 0.0 0.0 0.0 0.0
2023-08-10_05:15:00 0.0 25.69 94.82 2.21 234.23 0.0 0.0 0.0 0.0
2023-08-10_05:30:00 0.0 25.62 95.13 2.1 231.14 0.0 0.0 0.0 0.0
2023-08-10_05:45:00 0.0 25.5 95.7 1.93 228.18 0.0 0.0 0.0 0.0
2023-08-10_06:00:00 0.0 25.43 95.97 1.85 227.21 0.0 0.0 0.0 0.0
2023-08-10_06:15:00 0.0 25.87 94.19 2.33 233.08 67.8 397.55 375.37 22.17
2023-08-10_06:30:00 0.0 25.93 93.98 2.43 235.98 67.8 389.19 367.01 22.17
2023-08-10_06:45:00 0.0 26.34 92.24 2.79 238.71 172.25 556.26 521.65 34.62
2023-08-10_07:00:00 0.0 26.53 91.41 3.0 242.44 172.25 540.0 505.39 34.62
2023-08-10_07:15:00 0.0 26.91 89.85 3.32 244.66 256.76 549.25 508.3 40.96
2023-08-10_07:30:00 0.0 27.08 89.15 3.27 245.02 256.76 528.35 487.39 40.96
2023-08-10_07:45:00 0.0 27.59 86.69 3.43 246.67 390.06 596.19 532.73 63.45
2023-08-10_08:00:00 0.0 27.91 84.66 3.69 249.61 390.06 568.12 504.66 63.45
2023-08-10_08:15:00 0.0 28.44 81.62 3.93 252.25 536.93 625.55 567.79 57.76
2023-08-10_08:30:00 0.0 28.76 79.52 4.05 255.88 536.93 587.64 529.89 57.76
2023-08-10_08:45:00 0.0 29.24 76.94 4.14 257.94 650.92 576.69 518.04 58.65
2023-08-10_09:00:00 0.0 29.59 74.83 4.07 258.78 650.92 532.74 474.09 58.65
2023-08-10_09:15:00 0.0 30.1 71.98 4.11 261.18 750.34 503.23 440.86 62.38
2023-08-10_09:30:00 0.0 30.46 69.7 4.18 263.25 750.34 454.8 392.42 62.38
2023-08-10_09:45:00 0.0 30.89 67.39 4.18 264.27 837.47 418.55 347.72 70.83
2023-08-10_10:00:00 0.0 31.24 65.37 4.15 264.53 837.47 367.03 296.2 70.83
2023-08-10_10:15:00 0.0 31.6 63.39 4.14 265.61 903.51 325.35 243.5 81.85
2023-08-10_10:30:00 0.0 31.88 61.88 4.08 266.17 903.51 272.56 190.71 81.85
2023-08-10_10:45:00 0.0 32.16 60.52 4.02 266.11 935.23 201.49 139.19 62.3
2023-08-10_11:00:00 0.0 32.42 59.24 3.89 265.29 935.23 148.92 86.62 62.3
2023-08-10_11:15:00 0.0 32.51 58.45 3.79 265.42 779.57 104.97 21.89 83.08
2023-08-10_11:30:00 0.0 32.73 57.38 3.8 265.49 779.57 83.08 0.0 83.08
2023-08-10_11:45:00 0.0 32.88 56.62 3.68 266.49 724.35 80.28 0.0 80.28
2023-08-10_12:00:00 0.0 33.06 55.83 3.69 265.5 724.35 80.28 0.0 80.28
2023-08-10_12:15:00 0.0 33.24 55.11 3.54 263.78 730.97 87.34 0.0 87.34
2023-08-10_12:30:00 0.0 33.42 54.4 3.46 262.77 730.97 87.34 0.0 87.34
2023-08-10_12:45:00 0.0 33.59 53.85 3.38 262.33 694.85 76.28 0.0 76.28
2023-08-10_13:00:00 0.0 33.67 53.8 3.36 263.56 694.85 76.28 0.0 76.28
2023-08-10_13:15:00 0.0 33.73 53.65 3.27 264.74 755.04 55.37 0.0 55.37
2023-08-10_13:30:00 0.0 33.84 53.38 3.4 263.52 755.04 55.37 0.0 55.37
2023-08-10_13:45:00 0.0 34.04 52.57 3.66 264.54 716.67 56.5 0.0 56.5
2023-08-10_14:00:00 0.0 34.02 52.61 3.79 262.73 716.67 56.5 0.0 56.5
2023-08-10_14:15:00 0.0 33.57 54.12 3.63 257.11 457.44 41.6 0.0 41.6
2023-08-10_14:30:00 0.0 33.64 53.87 3.33 252.68 457.44 41.6 0.0 41.6
2023-08-10_14:45:00 0.0 33.99 52.96 3.8 250.3 533.15 44.35 0.0 44.35
2023-08-10_15:00:00 0.0 33.86 54.08 4.23 247.49 533.15 44.35 0.0 44.35
2023-08-10_15:15:00 0.0 33.71 54.65 4.34 242.17 565.89 59.18 0.0 59.18
2023-08-10_15:30:00 0.0 33.84 53.91 4.37 241.43 565.89 59.18 0.0 59.18
2023-08-10_15:45:00 0.0 33.95 53.63 4.29 238.75 502.04 50.48 0.0 50.48
2023-08-10_16:00:00 0.0 34.03 53.77 4.34 236.42 502.04 50.48 0.0 50.48
2023-08-10_16:15:00 0.0 33.86 54.43 4.3 234.12 352.79 45.88 0.0 45.88
2023-08-10_16:30:00 0.0 33.83 54.6 4.35 231.05 352.79 45.88 0.0 45.88
2023-08-10_16:45:00 0.0 33.5 56.06 4.67 229.51 239.87 35.45 0.0 35.45
2023-08-10_17:00:00 0.0 33.17 58.02 4.96 228.47 239.87 35.45 0.0 35.45
2023-08-10_17:15:00 0.0 32.57 60.76 4.45 227.84 152.81 31.64 0.0 31.64
2023-08-10_17:30:00 0.0 32.27 62.14 4.33 229.82 152.81 31.64 0.0 31.64
2023-08-10_17:45:00 0.0 31.61 65.28 4.01 232.07 56.7 18.4 0.0 18.4
2023-08-10_18:00:00 0.0 31.3 67.14 4.08 229.91 56.7 18.4 0.0 18.4
2023-08-10_18:15:00 0.0 30.71 69.55 3.76 229.38 0.0 0.0 0.0 0.0
2023-08-10_18:30:00 0.0 30.64 69.71 4.09 228.22 0.0 0.0 0.0 0.0
2023-08-10_18:45:00 0.0 30.49 69.71 4.52 229.75 0.0 0.0 0.0 0.0
2023-08-10_19:00:00 0.0 30.28 69.26 4.81 232.59 0.0 0.0 0.0 0.0
2023-08-10_19:15:00 0.0 30.0 69.18 4.69 236.2 0.0 0.0 0.0 0.0
2023-08-10_19:30:00 0.0 29.74 69.51 4.7 236.96 0.0 0.0 0.0 0.0
2023-08-10_19:45:00 0.0 29.44 70.48 4.54 236.76 0.0 0.0 0.0 0.0
2023-08-10_20:00:00 0.0 29.18 71.44 4.62 237.37 0.0 0.0 0.0 0.0
2023-08-10_20:15:00 0.0 28.92 72.57 4.49 237.73 0.0 0.0 0.0 0.0
2023-08-10_20:30:00 0.0 28.68 73.73 4.44 236.3 0.0 0.0 0.0 0.0
2023-08-10_20:45:00 0.0 28.47 74.66 4.54 233.56 0.0 0.0 0.0 0.0
2023-08-10_21:00:00 0.0 28.29 75.54 4.58 232.91 0.0 0.0 0.0 0.0
2023-08-10_21:15:00 0.0 28.08 76.59 4.38 233.68 0.0 0.0 0.0 0.0
2023-08-10_21:30:00 0.0 27.92 77.49 4.3 234.73 0.0 0.0 0.0 0.0
2023-08-10_21:45:00 0.0 27.73 78.64 4.06 237.98 0.0 0.0 0.0 0.0
2023-08-10_22:00:00 0.0 27.58 79.68 3.87 240.68 0.0 0.0 0.0 0.0
2023-08-10_22:15:00 0.0 27.43 80.79 3.85 240.86 0.0 0.0 0.0 0.0
2023-08-10_22:30:00 0.0 27.31 81.78 3.81 240.28 0.0 0.0 0.0 0.0
2023-08-10_22:45:00 0.0 27.19 82.76 3.93 239.87 0.0 0.0 0.0 0.0
2023-08-10_23:00:00 0.0 27.09 83.63 4.03 240.66 0.0 0.0 0.0 0.0
2023-08-10_23:15:00 0.0 26.99 84.47 4.06 240.71 0.0 0.0 0.0 0.0
2023-08-10_23:30:00 0.0 26.91 85.22 3.9 242.47 0.0 0.0 0.0 0.0
2023-08-10_23:45:00 0.0 26.81 85.98 3.79 244.06 0.0 0.0 0.0 0.0
2023-08-11_00:00:00 0.0 26.72 86.69 3.66 246.61 0.0 0.0 0.0 0.0
2023-08-11_00:15:00 0.0 26.63 87.37 3.7 246.69 0.0 0.0 0.0 0.0
2023-08-11_00:30:00 0.0 26.56 87.92 3.64 247.32 0.0 0.0 0.0 0.0
2023-08-11_00:45:00 0.0 26.47 88.53 3.5 246.47 0.0 0.0 0.0 0.0
2023-08-11_01:00:00 0.0 26.38 89.1 3.33 245.96 0.0 0.0 0.0 0.0
2023-08-11_01:15:00 0.0 26.28 89.7 3.19 246.5 0.0 0.0 0.0 0.0
2023-08-11_01:30:00 0.0 26.19 90.3 3.0 246.86 0.0 0.0 0.0 0.0
2023-08-11_01:45:00 0.0 26.08 90.94 2.84 246.65 0.0 0.0 0.0 0.0
2023-08-11_02:00:00 0.0 26.0 91.47 2.71 244.58 0.0 0.0 0.0 0.0
2023-08-11_02:15:00 0.0 25.91 92.02 2.73 243.09 0.0 0.0 0.0 0.0
2023-08-11_02:30:00 0.0 25.83 92.53 2.6 243.8 0.0 0.0 0.0 0.0
2023-08-11_02:45:00 0.0 25.72 93.11 2.42 242.46 0.0 0.0 0.0 0.0
2023-08-11_03:00:00 0.0 25.64 93.53 2.39 242.94 0.0 0.0 0.0 0.0
2023-08-11_03:15:00 0.0 25.56 93.91 2.39 241.94 0.0 0.0 0.0 0.0
2023-08-11_03:30:00 0.0 25.47 94.36 2.21 240.33 0.0 0.0 0.0 0.0
2023-08-11_03:45:00 0.0 25.39 94.73 2.14 236.67 0.0 0.0 0.0 0.0
2023-08-11_04:00:00 0.0 25.31 95.03 2.08 235.63 0.0 0.0 0.0 0.0
2023-08-11_04:15:00 0.0 25.24 95.28 1.94 234.5 0.0 0.0 0.0 0.0
2023-08-11_04:30:00 0.0 25.18 95.43 1.92 231.5 0.0 0.0 0.0 0.0
2023-08-11_04:45:00 0.0 25.18 95.44 1.95 226.25 0.0 0.0 0.0 0.0
2023-08-11_05:00:00 0.0 25.12 95.62 1.9 225.96 0.0 0.0 0.0 0.0
2023-08-11_05:15:00 0.0 25.21 95.43 2.05 226.03 0.0 0.0 0.0 0.0
2023-08-11_05:30:00 0.0 25.15 95.68 1.9 222.9 0.0 0.0 0.0 0.0
2023-08-11_05:45:00 0.0 25.2 95.5 2.03 224.63 0.0 0.0 0.0 0.0
2023-08-11_06:00:00 0.0 25.17 95.65 2.05 227.68 0.0 0.0 0.0 0.0
2023-08-11_06:15:00 0.0 25.56 94.06 2.38 231.53 58.79 340.56 320.67 19.9
2023-08-11_06:30:00 0.0 25.67 93.69 2.56 233.23 58.79 333.39 313.5 19.9
2023-08-11_06:45:00 0.0 26.09 91.97 3.05 238.65 147.85 452.32 413.7 38.62
2023-08-11_07:00:00 0.0 26.28 91.27 3.06 240.18 147.85 439.38 400.76 38.62
2023-08-11_07:15:00 0.0 26.83 89.0 3.34 242.09 282.07 602.16 556.75 45.41
2023-08-11_07:30:00 0.0 27.12 87.71 3.33 245.7 282.07 579.18 533.78 45.41
2023-08-11_07:45:00 0.0 27.77 84.49 3.66 246.85 428.66 667.57 618.95 48.62
2023-08-11_08:00:00 0.0 28.17 82.19 3.97 250.44 428.66 634.83 586.22 48.62
2023-08-11_08:15:00 0.0 28.7 79.42 4.19 254.56 551.3 642.41 591.23 51.17
2023-08-11_08:30:00 0.0 29.04 77.45 4.39 258.57 551.3 602.78 551.61 51.17
2023-08-11_08:45:00 0.0 29.49 75.15 4.53 262.75 642.97 567.92 510.93 56.99
2023-08-11_09:00:00 0.0 29.82 73.47 4.65 262.69 642.97 524.37 467.38 56.99
2023-08-11_09:15:00 0.0 30.08 72.06 4.58 265.41 568.33 403.84 289.28 114.56
2023-08-11_09:30:00 0.0 30.35 70.68 4.68 265.19 568.33 371.89 257.33 114.56
2023-08-11_09:45:00 0.0 30.74 68.84 4.69 266.88 724.56 371.13 290.25 80.88
2023-08-11_10:00:00 0.0 30.99 67.4 4.59 268.88 724.56 327.84 246.96 80.88
2023-08-11_10:15:00 0.0 31.41 65.48 4.82 267.04 872.1 310.19 233.83 76.36
2023-08-11_10:30:00 0.0 31.71 63.93 4.76 267.01 872.1 259.02 182.66 76.36
2023-08-11_10:45:00 0.0 32.09 62.15 4.72 267.15 890.09 211.95 126.24 85.71
2023-08-11_11:00:00 0.0 32.39 60.64 4.65 267.18 890.09 163.52 77.81 85.71
2023-08-11_11:15:00 0.0 32.5 59.81 4.55 265.74 714.84 116.22 17.81 98.41
2023-08-11_11:30:00 0.0 32.69 59.01 4.68 262.19 714.84 98.41 0.0 98.41
2023-08-11_11:45:00 0.0 32.88 58.18 4.79 260.08 821.39 73.89 0.0 73.89
2023-08-11_12:00:00 0.0 33.05 57.18 4.85 259.65 821.39 73.89 0.0 73.89
2023-08-11_12:15:00 0.0 33.18 56.3 4.79 258.58 744.3 64.67 0.0 64.67
2023-08-11_12:30:00 0.0 33.32 55.69 4.73 256.98 744.3 64.67 0.0 64.67
2023-08-11_12:45:00 0.0 33.42 55.29 4.82 254.05 775.15 56.31 0.0 56.31
2023-08-11_13:00:00 0.0 33.49 54.85 4.79 254.79 775.15 56.31 0.0 56.31
2023-08-11_13:15:00 0.0 33.78 53.56 5.1 252.87 924.84 59.16 0.0 59.16
2023-08-11_13:30:00 0.0 33.83 53.41 5.09 249.59 924.84 59.16 0.0 59.16
2023-08-11_13:45:00 0.0 33.92 52.69 4.7 247.57 835.84 121.75 0.0 121.75
2023-08-11_14:00:00 0.0 34.06 51.79 4.57 246.22 835.84 121.75 0.0 121.75
2023-08-11_14:15:00 0.0 34.2 51.1 4.4 244.71 816.61 69.8 0.0 69.8
2023-08-11_14:30:00 0.0 34.44 50.21 4.41 241.65 816.61 69.8 0.0 69.8
2023-08-11_14:45:00 0.02 34.52 49.86 4.19 243.83 720.62 63.81 0.0 63.81
2023-08-11_15:00:00 0.02 34.61 49.7 4.16 245.82 720.62 63.81 0.0 63.81
2023-08-11_15:15:00 0.01 34.29 51.12 4.49 246.1 573.04 236.62 0.0 236.62
2023-08-11_15:30:00 0.0 33.99 52.82 4.5 243.78 573.04 236.62 0.0 236.62
2023-08-11_15:45:00 0.0 33.89 53.33 4.11 241.93 524.16 61.22 0.0 61.22
2023-08-11_16:00:00 0.0 34.05 52.9 4.02 240.07 524.16 61.22 0.0 61.22
2023-08-11_16:15:00 0.02 33.93 53.6 4.4 235.7 407.54 104.55 0.0 104.55
2023-08-11_16:30:00 0.01 33.78 54.44 4.77 231.76 407.54 104.55 0.0 104.55
2023-08-11_16:45:00 0.03 33.07 57.49 4.57 228.4 208.42 95.99 0.0 95.99
2023-08-11_17:00:00 0.03 32.43 61.08 4.31 226.61 208.42 95.99 0.0 95.99
2023-08-11_17:15:00 0.02 31.66 65.14 3.71 219.63 126.63 72.89 0.0 72.89
2023-08-11_17:30:00 0.02 31.5 66.21 3.35 218.01 126.63 72.89 0.0 72.89
2023-08-11_17:45:00 0.01 31.26 67.28 3.33 219.15 54.37 28.0 0.0 28.0
2023-08-11_18:00:00 0.03 31.23 67.36 3.89 217.17 54.37 28.0 0.0 28.0
2023-08-11_18:15:00 0.03 30.79 68.71 3.94 218.67 0.0 0.0 0.0 0.0
2023-08-11_18:30:00 0.04 30.63 69.27 4.17 223.35 0.0 0.0 0.0 0.0
2023-08-11_18:45:00 0.03 30.39 69.97 4.75 223.62 0.0 0.0 0.0 0.0
2023-08-11_19:00:00 0.03 30.15 70.52 5.13 224.59 0.0 0.0 0.0 0.0
2023-08-11_19:15:00 0.02 29.81 71.48 4.98 229.16 0.0 0.0 0.0 0.0
2023-08-11_19:30:00 0.01 29.51 72.06 5.04 236.21 0.0 0.0 0.0 0.0
2023-08-11_19:45:00 0.01 29.25 72.65 4.82 238.99 0.0 0.0 0.0 0.0
2023-08-11_20:00:00 0.0 29.0 73.61 4.1 238.26 0.0 0.0 0.0 0.0
2023-08-11_20:15:00 0.01 28.74 74.61 4.19 235.57 0.0 0.0 0.0 0.0
2023-08-11_20:30:00 0.0 28.53 75.58 3.97 233.72 0.0 0.0 0.0 0.0
2023-08-11_20:45:00 0.01 28.31 76.65 4.34 231.72 0.0 0.0 0.0 0.0
2023-08-11_21:00:00 0.01 28.11 77.75 4.5 228.57 0.0 0.0 0.0 0.0
2023-08-11_21:15:00 0.04 27.92 78.82 4.37 224.36 0.0 0.0 0.0 0.0
2023-08-11_21:30:00 0.04 27.75 79.78 4.18 225.52 0.0 0.0 0.0 0.0
2023-08-11_21:45:00 0.07 27.61 80.66 4.16 227.86 0.0 0.0 0.0 0.0
2023-08-11_22:00:00 0.1 27.47 81.65 4.03 231.08 0.0 0.0 0.0 0.0
2023-08-11_22:15:00 0.07 27.35 82.6 3.97 234.04 0.0 0.0 0.0 0.0
2023-08-11_22:30:00 0.07 27.25 83.41 4.0 236.31 0.0 0.0 0.0 0.0
2023-08-11_22:45:00 0.08 27.13 84.3 3.94 235.99 0.0 0.0 0.0 0.0
2023-08-11_23:00:00 0.12 27.03 85.05 3.94 236.1 0.0 0.0 0.0 0.0
2023-08-11_23:15:00 0.17 26.93 85.83 3.8 235.08 0.0 0.0 0.0 0.0
2023-08-11_23:30:00 0.21 26.84 86.44 3.81 237.77 0.0 0.0 0.0 0.0
2023-08-11_23:45:00 0.23 26.76 87.03 3.86 237.27 0.0 0.0 0.0 0.0
2023-08-12_00:00:00 0.22 26.68 87.54 3.78 231.98 0.0 0.0 0.0 0.0
2023-08-12_00:15:00 0.12 26.58 88.14 3.68 232.18 0.0 0.0 0.0 0.0
2023-08-12_00:30:00 0.08 26.52 88.52 3.76 234.12 0.0 0.0 0.0 0.0
2023-08-12_00:45:00 0.08 26.44 89.03 3.75 235.52 0.0 0.0 0.0 0.0
2023-08-12_01:00:00 0.08 26.37 89.55 3.7 235.6 0.0 0.0 0.0 0.0
2023-08-12_01:15:00 0.09 26.26 90.25 3.5 233.39 0.0 0.0 0.0 0.0
2023-08-12_01:30:00 0.09 26.15 90.95 3.34 235.53 0.0 0.0 0.0 0.0
2023-08-12_01:45:00 0.09 26.01 91.78 3.02 234.95 0.0 0.0 0.0 0.0
2023-08-12_02:00:00 0.07 25.92 92.32 2.95 233.0 0.0 0.0 0.0 0.0
2023-08-12_02:15:00 0.06 25.85 92.74 3.03 233.74 0.0 0.0 0.0 0.0
2023-08-12_02:30:00 0.06 25.8 93.08 2.93 234.12 0.0 0.0 0.0 0.0
2023-08-12_02:45:00 0.06 25.67 93.73 2.57 232.15 0.0 0.0 0.0 0.0
2023-08-12_03:00:00 0.04 25.61 94.05 2.61 227.69 0.0 0.0 0.0 0.0
2023-08-12_03:15:00 0.03 25.51 94.46 2.47 225.65 0.0 0.0 0.0 0.0
2023-08-12_03:30:00 0.04 25.42 94.89 2.3 223.78 0.0 0.0 0.0 0.0
2023-08-12_03:45:00 0.04 25.33 95.24 2.16 220.66 0.0 0.0 0.0 0.0
2023-08-12_04:00:00 0.04 25.27 95.45 2.14 219.69 0.0 0.0 0.0 0.0
2023-08-12_04:15:00 0.04 25.23 95.53 2.18 220.04 0.0 0.0 0.0 0.0
2023-08-12_04:30:00 0.03 25.2 95.61 2.22 218.99 0.0 0.0 0.0 0.0
2023-08-12_04:45:00 0.03 25.17 95.7 2.27 219.72 0.0 0.0 0.0 0.0
2023-08-12_05:00:00 0.03 25.11 95.85 2.27 220.28 0.0 0.0 0.0 0.0
2023-08-12_05:15:00 0.03 25.11 95.83 2.17 220.27 0.0 0.0 0.0 0.0
2023-08-12_05:30:00 0.03 25.0 96.09 1.92 220.35 0.0 0.0 0.0 0.0
2023-08-12_05:45:00 0.02 24.94 96.18 1.86 222.47 0.0 0.0 0.0 0.0
2023-08-12_06:00:00 0.01 24.92 96.22 1.92 218.82 0.0 0.0 0.0 0.0
2023-08-12_06:15:00 0.0 25.49 94.24 2.27 220.75 62.17 341.87 318.31 23.56
2023-08-12_06:30:00 0.02 25.6 93.94 2.33 221.85 62.17 334.72 311.17 23.56
2023-08-12_06:45:00 0.01 26.16 91.75 2.84 225.86 170.01 515.53 469.71 45.82
2023-08-12_07:00:00 0.01 26.44 90.73 2.86 227.72 170.01 500.78 454.96 45.82
