time clf t2 rh ws wd ghi poa_global poa_direct poa_diffuse
2023-08-24_07:00:00 0.44 26.2 85.56 2.09 245.21 0.0 0.0 0.0 0.0
2023-08-24_07:15:00 0.43 26.77 83.51 2.34 248.19 318.54 671.5 629.43 42.07
2023-08-24_07:30:00 0.41 27.03 82.28 2.36 249.76 318.54 643.88 601.81 42.07
2023-08-24_07:45:00 0.38 27.45 80.58 2.5 246.57 442.1 665.53 618.28 47.25
2023-08-24_08:00:00 0.42 27.68 79.39 2.4 246.38 442.1 630.72 583.47 47.25
2023-08-24_08:15:00 0.4 28.07 77.86 2.65 246.22 560.3 625.38 574.27 51.11
2023-08-24_08:30:00 0.32 28.33 76.65 2.77 245.58 560.3 584.22 533.11 51.11
2023-08-24_08:45:00 0.31 28.71 74.96 2.99 247.27 670.12 561.2 507.07 54.13
2023-08-24_09:00:00 0.34 29.02 73.52 3.0 246.14 670.12 514.61 460.48 54.13
2023-08-24_09:15:00 0.34 29.39 71.81 3.05 250.27 768.11 478.58 422.05 56.53
2023-08-24_09:30:00 0.36 29.74 70.16 3.11 249.68 768.11 427.63 371.1 56.53
2023-08-24_09:45:00 0.39 30.05 68.79 3.38 248.45 852.14 382.58 324.12 58.47
2023-08-24_10:00:00 0.38 30.32 67.45 3.52 248.04 852.14 328.42 269.96 58.47
2023-08-24_10:15:00 0.38 30.65 66.21 3.59 246.67 921.28 277.53 217.65 59.89
2023-08-24_10:30:00 0.37 30.84 65.47 3.6 247.16 921.28 221.48 161.6 59.89
2023-08-24_10:45:00 0.39 31.09 64.5 3.54 248.0 973.98 167.56 106.63 60.94
2023-08-24_11:00:00 0.43 31.31 63.5 3.54 246.87 973.98 113.26 52.32 60.94
2023-08-24_11:15:00 0.45 31.53 62.49 3.47 245.55 1007.42 69.94 0.0 69.94
2023-08-24_11:30:00 0.47 31.7 61.61 3.6 246.59 1007.42 69.94 0.0 69.94
2023-08-24_11:45:00 0.47 31.88 60.8 3.69 246.32 1024.15 62.48 0.0 62.48
2023-08-24_12:00:00 0.48 32.08 60.06 3.67 250.3 1024.15 62.48 0.0 62.48
2023-08-24_12:15:00 0.52 32.27 59.29 3.76 250.99 1021.2 62.31 0.0 62.31
2023-08-24_12:30:00 0.53 32.42 58.68 3.8 251.13 1021.2 62.31 0.0 62.31
2023-08-24_12:45:00 0.55 32.55 58.13 3.82 252.61 991.62 65.06 0.0 65.06
2023-08-24_13:00:00 0.55 32.69 57.54 3.75 252.23 991.62 65.06 0.0 65.06
2023-08-24_13:15:00 0.54 32.73 57.26 3.7 251.73 887.07 97.32 0.0 97.32
2023-08-24_13:30:00 0.52 32.85 56.77 3.73 250.82 887.07 97.32 0.0 97.32
2023-08-24_13:45:00 0.51 32.87 56.63 3.73 248.67 824.78 81.71 0.0 81.71
2023-08-24_14:00:00 0.5 32.95 56.44 3.79 248.43 824.78 81.71 0.0 81.71
2023-08-24_14:15:00 0.46 32.92 56.79 3.77 247.83 715.47 84.5 0.0 84.5
2023-08-24_14:30:00 0.45 32.94 57.08 3.63 246.51 715.47 84.5 0.0 84.5
2023-08-24_14:45:00 0.44 32.83 57.94 3.49 245.17 623.56 56.43 0.0 56.43
2023-08-24_15:00:00 0.43 32.57 59.83 3.5 246.31 623.56 56.43 0.0 56.43
2023-08-24_15:15:00 0.45 32.34 60.32 3.09 245.1 437.76 42.65 0.0 42.65
2023-08-24_15:30:00 0.43 32.51 59.13 2.87 240.44 437.76 42.65 0.0 42.65
2023-08-24_15:45:00 0.41 32.7 58.41 3.07 232.15 521.07 50.0 0.0 50.0
2023-08-24_16:00:00 0.41 32.67 58.74 2.94 225.29 521.07 50.0 0.0 50.0
2023-08-24_16:15:00 0.43 32.52 59.07 2.92 218.57 396.32 45.08 0.0 45.08
2023-08-24_16:30:00 0.4 32.5 58.69 3.03 219.58 396.32 45.08 0.0 45.08
2023-08-24_16:45:00 0.37 32.18 59.98 2.97 222.24 267.97 41.12 0.0 41.12
2023-08-24_17:00:00 0.32 31.99 61.17 3.17 219.85 267.97 41.12 0.0 41.12
2023-08-24_17:15:00 0.33 31.4 64.55 3.0 208.39 156.74 31.94 0.0 31.94
2023-08-24_17:30:00 0.31 31.08 66.76 3.07 199.76 156.74 31.94 0.0 31.94
2023-08-24_17:45:00 0.28 30.13 71.97 2.66 188.49 44.54 17.11 0.0 17.11
2023-08-24_18:00:00 0.22 29.85 73.88 2.61 186.96 44.54 17.11 0.0 17.11
2023-08-24_18:15:00 0.18 29.2 76.3 2.59 189.32 0.0 0.0 0.0 0.0
2023-08-24_18:30:00 0.22 29.18 75.82 2.81 194.2 0.0 0.0 0.0 0.0
2023-08-24_18:45:00 0.21 29.2 74.77 3.45 202.79 0.0 0.0 0.0 0.0
2023-08-24_19:00:00 0.23 29.03 75.4 3.83 208.99 0.0 0.0 0.0 0.0
2023-08-24_19:15:00 0.2 28.68 77.61 4.26 210.96 0.0 0.0 0.0 0.0
2023-08-24_19:30:00 0.21 28.3 80.69 4.69 209.85 0.0 0.0 0.0 0.0
2023-08-24_19:45:00 0.22 27.96 83.47 4.73 208.3 0.0 0.0 0.0 0.0
2023-08-24_20:00:00 0.22 27.8 84.51 4.73 211.95 0.0 0.0 0.0 0.0
2023-08-24_20:15:00 0.25 27.63 85.36 4.09 214.25 0.0 0.0 0.0 0.0
2023-08-24_20:30:00 0.21 27.45 86.25 3.63 215.64 0.0 0.0 0.0 0.0
2023-08-24_20:45:00 0.18 27.3 87.0 3.46 218.73 0.0 0.0 0.0 0.0
2023-08-24_21:00:00 0.14 27.19 87.48 3.61 218.82 0.0 0.0 0.0 0.0
2023-08-24_21:15:00 0.15 27.1 87.97 3.43 219.63 0.0 0.0 0.0 0.0
2023-08-24_21:30:00 0.18 27.05 88.24 3.44 217.43 0.0 0.0 0.0 0.0
2023-08-24_21:45:00 0.18 26.99 88.55 3.22 216.62 0.0 0.0 0.0 0.0
2023-08-24_22:00:00 0.15 26.91 89.06 2.91 217.11 0.0 0.0 0.0 0.0
2023-08-24_22:15:00 0.16 26.81 89.69 2.66 218.13 0.0 0.0 0.0 0.0
2023-08-24_22:30:00 0.17 26.71 90.25 2.64 216.42 0.0 0.0 0.0 0.0
2023-08-24_22:45:00 0.23 26.56 91.13 2.4 221.79 0.0 0.0 0.0 0.0
2023-08-24_23:00:00 0.2 26.52 91.34 2.61 220.74 0.0 0.0 0.0 0.0
2023-08-24_23:15:00 0.17 26.44 91.68 2.79 220.93 0.0 0.0 0.0 0.0
2023-08-24_23:30:00 0.19 26.37 91.91 2.78 225.95 0.0 0.0 0.0 0.0
2023-08-24_23:45:00 0.2 26.27 92.26 2.73 232.28 0.0 0.0 0.0 0.0
2023-08-25_00:00:00 0.21 26.16 92.59 2.57 233.6 0.0 0.0 0.0 0.0
2023-08-25_00:15:00 0.15 26.04 93.02 2.52 231.34 0.0 0.0 0.0 0.0
2023-08-25_00:30:00 0.16 25.93 93.42 2.45 237.64 0.0 0.0 0.0 0.0
2023-08-25_00:45:00 0.15 25.84 93.7 2.6 233.77 0.0 0.0 0.0 0.0
2023-08-25_01:00:00 0.12 25.8 93.77 2.73 230.93 0.0 0.0 0.0 0.0
2023-08-25_01:15:00 0.08 25.64 94.4 2.55 229.94 0.0 0.0 0.0 0.0
2023-08-25_01:30:00 0.11 25.5 94.97 2.45 229.18 0.0 0.0 0.0 0.0
2023-08-25_01:45:00 0.11 25.45 95.22 2.66 228.46 0.0 0.0 0.0 0.0
2023-08-25_02:00:00 0.14 25.39 95.5 2.73 228.16 0.0 0.0 0.0 0.0
2023-08-25_02:15:00 0.12 25.31 95.9 2.84 225.37 0.0 0.0 0.0 0.0
2023-08-25_02:30:00 0.14 25.17 96.48 2.59 223.93 0.0 0.0 0.0 0.0
2023-08-25_02:45:00 0.16 24.96 97.17 2.39 226.43 0.0 0.0 0.0 0.0
2023-08-25_03:00:00 0.12 24.89 97.54 2.43 224.56 0.0 0.0 0.0 0.0
2023-08-25_03:15:00 0.13 24.69 98.16 2.18 230.79 0.0 0.0 0.0 0.0
2023-08-25_03:30:00 0.14 24.54 98.55 2.09 235.04 0.0 0.0 0.0 0.0
2023-08-25_03:45:00 0.14 24.42 98.9 2.02 231.74 0.0 0.0 0.0 0.0
2023-08-25_04:00:00 0.14 24.37 99.04 2.03 231.24 0.0 0.0 0.0 0.0
2023-08-25_04:15:00 0.17 24.37 99.01 2.11 226.71 0.0 0.0 0.0 0.0
2023-08-25_04:30:00 0.2 24.34 98.95 2.15 221.47 0.0 0.0 0.0 0.0
2023-08-25_04:45:00 0.25 24.4 98.58 2.22 222.71 0.0 0.0 0.0 0.0
2023-08-25_05:00:00 0.27 24.36 98.46 2.1 225.56 0.0 0.0 0.0 0.0
2023-08-25_05:15:00 0.27 24.27 98.5 2.0 229.05 0.0 0.0 0.0 0.0
2023-08-25_05:30:00 0.3 24.13 98.59 1.82 230.77 0.0 0.0 0.0 0.0
2023-08-25_05:45:00 0.29 24.12 98.52 1.62 233.52 0.0 0.0 0.0 0.0
2023-08-25_06:00:00 0.22 24.09 98.5 1.72 232.59 0.0 0.0 0.0 0.0
2023-08-25_06:15:00 0.21 24.81 96.18 2.0 236.16 59.98 322.57 299.55 23.02
2023-08-25_06:30:00 0.12 24.9 95.87 2.15 233.83 59.98 315.34 292.32 23.02
2023-08-25_06:45:00 0.11 25.46 93.53 2.38 234.28 166.18 516.67 481.31 35.36
2023-08-25_07:00:00 0.11 25.67 92.8 2.12 235.94 166.18 500.54 465.18 35.36
2023-08-25_07:15:00 0.14 26.22 90.93 2.13 233.75 312.53 655.32 612.82 42.51
2023-08-25_07:30:00 0.12 26.55 89.78 2.14 234.53 312.53 628.3 585.79 42.51
2023-08-25_07:45:00 0.1 27.09 87.71 2.24 240.57 436.88 654.8 606.79 48.01
2023-08-25_08:00:00 0.09 27.47 85.66 2.42 241.59 436.88 620.46 572.45 48.01
2023-08-25_08:15:00 0.08 27.96 82.85 2.48 243.4 558.99 621.56 570.43 51.13
2023-08-25_08:30:00 0.08 28.29 80.57 2.24 246.18 558.99 580.46 529.32 51.13
2023-08-25_08:45:00 0.07 28.7 78.32 2.43 249.83 668.66 557.5 503.36 54.14
2023-08-25_09:00:00 0.04 28.98 76.87 2.54 253.14 668.66 510.97 456.82 54.14
2023-08-25_09:15:00 0.04 29.33 75.38 2.59 256.64 765.48 474.52 417.67 56.85
2023-08-25_09:30:00 0.04 29.58 74.29 2.47 261.19 765.48 423.72 366.87 56.85
2023-08-25_09:45:00 0.04 29.9 73.06 2.42 264.73 845.66 379.01 317.47 61.54
2023-08-25_10:00:00 0.05 30.15 71.99 2.38 263.39 845.66 325.45 263.92 61.54
2023-08-25_10:15:00 0.05 30.26 71.42 2.46 264.44 560.6 224.22 111.57 112.65
2023-08-25_10:30:00 0.05 30.43 70.91 2.52 266.67 560.6 195.08 82.43 112.65
2023-08-25_10:45:00 0.07 30.53 70.8 2.67 269.9 617.35 145.23 60.44 84.78
2023-08-25_11:00:00 0.1 30.63 70.9 2.66 268.67 617.35 113.63 28.85 84.78
2023-08-25_11:15:00 0.12 30.92 69.74 2.63 263.86 933.37 79.25 0.0 79.25
2023-08-25_11:30:00 0.15 31.14 68.42 2.63 256.56 933.37 79.25 0.0 79.25
2023-08-25_11:45:00 0.16 31.46 66.81 2.72 255.82 1008.51 63.96 0.0 63.96
2023-08-25_12:00:00 0.2 31.7 65.66 2.73 255.18 1008.51 63.96 0.0 63.96
2023-08-25_12:15:00 0.21 31.77 65.06 2.55 254.26 927.52 98.14 0.0 98.14
2023-08-25_12:30:00 0.23 31.88 64.73 2.52 254.75 927.52 98.14 0.0 98.14
2023-08-25_12:45:00 0.2 31.38 67.44 2.86 256.28 581.56 50.28 0.0 50.28
2023-08-25_13:00:00 0.14 31.11 68.45 2.98 261.21 581.56 50.28 0.0 50.28
2023-08-25_13:15:00 0.15 30.54 70.24 2.45 261.55 397.62 28.71 0.0 28.71
2023-08-25_13:30:00 0.11 30.3 71.04 2.04 245.11 397.62 28.71 0.0 28.71
2023-08-25_13:45:00 0.11 30.31 71.04 2.1 225.5 329.01 36.65 0.0 36.65
2023-08-25_14:00:00 0.21 30.3 71.61 2.63 201.55 329.01 36.65 0.0 36.65
2023-08-25_14:15:00 0.23 30.71 70.69 2.83 186.3 499.11 70.32 0.0 70.32
2023-08-25_14:30:00 0.34 30.69 71.67 3.18 165.96 499.11 70.32 0.0 70.32
2023-08-25_14:45:00 0.44 30.6 74.09 3.91 159.44 645.81 64.18 0.0 64.18
2023-08-25_15:00:00 0.6 30.31 76.83 4.4 159.92 645.81 64.18 0.0 64.18
2023-08-25_15:15:00 0.6 30.1 78.55 4.47 150.66 490.48 91.17 0.0 91.17
2023-08-25_15:30:00 0.62 30.12 78.65 4.31 146.76 490.48 91.17 0.0 91.17
2023-08-25_15:45:00 0.64 30.13 78.63 4.46 151.02 475.07 75.63 0.0 75.63
2023-08-25_16:00:00 0.64 30.18 78.53 4.77 155.76 475.07 75.63 0.0 75.63
2023-08-25_16:15:00 0.62 30.05 78.93 5.0 155.15 395.08 45.87 0.0 45.87
2023-08-25_16:30:00 0.53 30.01 79.1 5.48 157.65 395.08 45.87 0.0 45.87
2023-08-25_16:45:00 0.46 29.7 80.44 5.24 156.71 270.07 38.15 0.0 38.15
2023-08-25_17:00:00 0.37 29.59 81.26 5.34 158.56 270.07 38.15 0.0 38.15
2023-08-25_17:15:00 0.36 29.24 82.87 5.37 158.72 139.7 29.56 0.0 29.56
2023-08-25_17:30:00 0.19 29.09 83.68 5.78 162.5 139.7 29.56 0.0 29.56
2023-08-25_17:45:00 0.14 28.72 84.99 5.35 168.8 40.93 16.52 0.0 16.52
2023-08-25_18:00:00 0.22 28.6 85.62 4.87 182.97 40.93 16.52 0.0 16.52
2023-08-25_18:15:00 0.15 28.32 86.39 4.8 191.61 0.0 0.0 0.0 0.0
2023-08-25_18:30:00 0.17 27.95 87.78 4.39 195.6 0.0 0.0 0.0 0.0
2023-08-25_18:45:00 0.26 27.59 89.15 3.59 197.36 0.0 0.0 0.0 0.0
2023-08-25_19:00:00 0.34 27.5 89.32 3.13 192.38 0.0 0.0 0.0 0.0
2023-08-25_19:15:00 0.39 27.33 90.49 2.64 199.95 0.0 0.0 0.0 0.0
2023-08-25_19:30:00 0.49 27.26 91.19 1.88 212.03 0.0 0.0 0.0 0.0
2023-08-25_19:45:00 0.43 27.23 91.48 1.88 224.85 0.0 0.0 0.0 0.0
2023-08-25_20:00:00 0.41 27.21 91.66 2.23 223.7 0.0 0.0 0.0 0.0
2023-08-25_20:15:00 0.5 27.21 91.66 2.7 216.65 0.0 0.0 0.0 0.0
2023-08-25_20:30:00 0.61 27.19 91.71 2.93 213.82 0.0 0.0 0.0 0.0
2023-08-25_20:45:00 0.63 27.15 91.87 2.73 208.02 0.0 0.0 0.0 0.0
2023-08-25_21:00:00 0.64 27.08 92.23 2.44 209.04 0.0 0.0 0.0 0.0
2023-08-25_21:15:00 0.63 26.99 92.54 2.61 209.55 0.0 0.0 0.0 0.0
2023-08-25_21:30:00 0.63 26.9 92.9 2.4 209.92 0.0 0.0 0.0 0.0
2023-08-25_21:45:00 0.6 26.81 93.28 2.33 215.28 0.0 0.0 0.0 0.0
2023-08-25_22:00:00 0.58 26.72 93.55 2.28 218.97 0.0 0.0 0.0 0.0
2023-08-25_22:15:00 0.53 26.57 94.03 2.18 223.51 0.0 0.0 0.0 0.0
2023-08-25_22:30:00 0.49 26.49 94.16 2.19 227.31 0.0 0.0 0.0 0.0
2023-08-25_22:45:00 0.43 26.33 94.62 2.11 225.66 0.0 0.0 0.0 0.0
2023-08-25_23:00:00 0.35 26.26 94.55 2.3 223.87 0.0 0.0 0.0 0.0
2023-08-25_23:15:00 0.33 26.23 94.32 2.62 219.5 0.0 0.0 0.0 0.0
2023-08-25_23:30:00 0.32 26.17 94.21 2.66 222.56 0.0 0.0 0.0 0.0
2023-08-25_23:45:00 0.33 26.08 94.28 2.61 220.74 0.0 0.0 0.0 0.0
2023-08-26_00:00:00 0.31 26.06 93.97 2.89 222.03 0.0 0.0 0.0 0.0
2023-08-26_00:15:00 0.33 25.98 93.99 2.83 224.53 0.0 0.0 0.0 0.0
2023-08-26_00:30:00 0.39 25.81 94.51 2.48 227.83 0.0 0.0 0.0 0.0
2023-08-26_00:45:00 0.39 25.81 94.4 2.77 230.32 0.0 0.0 0.0 0.0
2023-08-26_01:00:00 0.37 25.78 94.47 2.9 231.4 0.0 0.0 0.0 0.0
2023-08-26_01:15:00 0.41 25.74 94.63 2.88 235.85 0.0 0.0 0.0 0.0
2023-08-26_01:30:00 0.43 25.7 94.84 2.89 234.02 0.0 0.0 0.0 0.0
2023-08-26_01:45:00 0.43 25.62 95.21 2.93 234.63 0.0 0.0 0.0 0.0
2023-08-26_02:00:00 0.41 25.59 95.4 2.95 235.97 0.0 0.0 0.0 0.0
2023-08-26_02:15:00 0.39 25.53 95.67 2.87 237.78 0.0 0.0 0.0 0.0
2023-08-26_02:30:00 0.37 25.47 95.97 2.78 235.09 0.0 0.0 0.0 0.0
2023-08-26_02:45:00 0.36 25.39 96.36 2.61 234.25 0.0 0.0 0.0 0.0
2023-08-26_03:00:00 0.34 25.32 96.7 2.57 229.09 0.0 0.0 0.0 0.0
2023-08-26_03:15:00 0.37 25.26 97.03 2.49 228.16 0.0 0.0 0.0 0.0
2023-08-26_03:30:00 0.36 25.22 97.32 2.5 228.33 0.0 0.0 0.0 0.0
2023-08-26_03:45:00 0.37 25.16 97.63 2.46 232.28 0.0 0.0 0.0 0.0
2023-08-26_04:00:00 0.35 25.16 97.74 2.67 235.61 0.0 0.0 0.0 0.0
2023-08-26_04:15:00 0.38 25.13 97.89 2.66 234.87 0.0 0.0 0.0 0.0
2023-08-26_04:30:00 0.43 25.0 98.29 2.33 234.92 0.0 0.0 0.0 0.0
2023-08-26_04:45:00 0.44 24.83 98.72 2.04 231.94 0.0 0.0 0.0 0.0
2023-08-26_05:00:00 0.45 24.71 99.0 1.93 226.05 0.0 0.0 0.0 0.0
2023-08-26_05:15:00 0.48 24.77 99.02 1.86 230.24 0.0 0.0 0.0 0.0
2023-08-26_05:30:00 0.44 24.67 99.17 1.71 234.91 0.0 0.0 0.0 0.0
2023-08-26_05:45:00 0.4 24.68 99.27 1.7 229.89 0.0 0.0 0.0 0.0
2023-08-26_06:00:00 0.38 24.64 99.39 1.68 230.25 0.0 0.0 0.0 0.0
2023-08-26_06:15:00 0.41 25.33 97.25 2.25 231.19 67.36 376.24 352.49 23.76
2023-08-26_06:30:00 0.43 25.47 96.85 2.55 233.03 67.36 367.69 343.93 23.76
2023-08-26_06:45:00 0.37 25.96 94.95 3.0 235.49 162.62 499.77 463.5 36.27
2023-08-26_07:00:00 0.33 26.18 93.93 2.91 234.75 162.62 484.16 447.89 36.27
2023-08-26_07:15:00 0.32 26.55 92.31 3.2 241.09 260.25 529.83 483.27 46.56
2023-08-26_07:30:00 0.37 26.72 91.36 3.29 244.97 260.25 508.41 461.85 46.56
2023-08-26_07:45:00 0.4 27.19 89.42 3.46 245.68 416.26 611.95 548.75 63.2
2023-08-26_08:00:00 0.44 27.49 87.79 3.5 244.71 416.26 580.74 517.54 63.2
2023-08-26_08:15:00 0.5 28.02 84.91 3.61 249.38 556.54 616.43 565.32 51.11
2023-08-26_08:30:00 0.51 28.38 82.72 3.77 254.33 556.54 575.47 524.36 51.11
2023-08-26_08:45:00 0.53 28.82 80.51 3.88 257.27 657.2 546.38 487.98 58.4
2023-08-26_09:00:00 0.5 29.13 78.68 3.9 254.43 657.2 500.98 442.58 58.4
2023-08-26_09:15:00 0.46 29.38 77.02 3.91 254.89 543.12 352.26 269.36 82.89
2023-08-26_09:30:00 0.45 29.62 75.75 3.91 257.39 543.12 319.25 236.36 82.89
2023-08-26_09:45:00 0.48 29.69 75.58 4.08 261.56 332.79 184.74 99.0 85.73
2023-08-26_10:00:00 0.47 29.77 75.4 4.18 262.8 332.79 167.87 82.14 85.73
2023-08-26_10:15:00 0.46 30.1 73.72 4.16 264.17 854.37 267.65 191.32 76.33
2023-08-26_10:30:00 0.46 30.37 71.99 3.92 266.52 854.37 216.95 140.62 76.33
2023-08-26_10:45:00 0.44 30.81 70.51 3.74 267.13 927.1 159.24 95.16 64.07
2023-08-26_11:00:00 0.38 31.0 70.29 3.79 265.02 927.1 108.14 44.07 64.07
2023-08-26_11:15:00 0.39 30.87 70.39 3.79 262.3 643.21 65.19 0.0 65.19
2023-08-26_11:30:00 0.35 31.03 68.86 3.87 261.89 643.21 65.19 0.0 65.19
2023-08-26_11:45:00 0.34 31.41 66.8 3.71 266.25 550.98 50.62 0.0 50.62
2023-08-26_12:00:00 0.32 31.59 66.51 3.55 266.67 550.98 50.62 0.0 50.62
2023-08-26_12:15:00 0.29 31.61 66.67 3.69 264.17 901.96 63.33 0.0 63.33
2023-08-26_12:30:00 0.24 31.53 66.97 3.82 259.4 901.96 63.33 0.0 63.33
2023-08-26_12:45:00 0.18 31.6 65.97 3.83 246.99 763.44 52.92 0.0 52.92
2023-08-26_13:00:00 0.19 31.78 65.5 3.42 242.8 763.44 52.92 0.0 52.92
2023-08-26_13:15:00 0.19 32.29 63.74 3.59 245.09 943.63 60.63 0.0 60.63
2023-08-26_13:30:00 0.18 32.57 62.35 3.52 247.9 943.63 60.63 0.0 60.63
2023-08-26_13:45:00 0.19 32.78 61.18 3.46 252.59 852.35 59.87 0.0 59.87
2023-08-26_14:00:00 0.2 32.98 60.22 3.65 255.56 852.35 59.87 0.0 59.87
2023-08-26_14:15:00 0.15 32.99 59.88 3.57 256.33 812.85 58.91 0.0 58.91
2023-08-26_14:30:00 0.15 33.14 59.34 3.38 249.53 812.85 58.91 0.0 58.91
2023-08-26_14:45:00 0.16 32.99 59.9 3.19 240.12 634.13 51.68 0.0 51.68
2023-08-26_15:00:00 0.15 32.93 60.45 3.05 230.08 634.13 51.68 0.0 51.68
2023-08-26_15:15:00 0.1 32.67 61.82 3.17 219.41 607.29 52.02 0.0 52.02
2023-08-26_15:30:00 0.05 31.59 67.29 3.83 249.6 607.29 52.02 0.0 52.02
2023-08-26_15:45:00 0.21 28.83 79.65 5.78 279.73 107.86 26.99 0.0 26.99
2023-08-26_16:00:00 0.56 27.31 86.74 6.83 288.42 107.86 26.99 0.0 26.99
2023-08-26_16:15:00 0.68 27.17 87.83 5.58 282.25 52.61 11.21 0.0 11.21
2023-08-26_16:30:00 0.79 27.48 86.67 4.56 279.55 52.61 11.21 0.0 11.21
2023-08-26_16:45:00 0.82 27.92 84.37 4.44 288.12 158.43 51.85 0.0 51.85
2023-08-26_17:00:00 0.76 28.34 82.18 3.47 274.3 158.43 51.85 0.0 51.85
2023-08-26_17:15:00 0.71 28.69 81.48 3.41 258.22 95.28 65.04 0.0 65.04
2023-08-26_17:30:00 0.73 28.8 82.33 2.86 263.3 95.28 65.04 0.0 65.04
2023-08-26_17:45:00 0.64 28.38 85.11 2.43 246.0 22.02 9.23 0.0 9.23
2023-08-26_18:00:00 0.7 28.29 85.74 1.64 240.33 22.02 9.23 0.0 9.23
2023-08-26_18:15:00 0.81 28.17 86.94 1.09 225.63 0.0 0.0 0.0 0.0
2023-08-26_18:30:00 0.75 28.07 87.56 1.21 203.47 0.0 0.0 0.0 0.0
2023-08-26_18:45:00 0.62 27.85 87.92 1.57 172.98 0.0 0.0 0.0 0.0
2023-08-26_19:00:00 0.63 27.99 86.51 1.26 184.68 0.0 0.0 0.0 0.0
2023-08-26_19:15:00 0.75 28.16 84.38 1.35 188.83 0.0 0.0 0.0 0.0
2023-08-26_19:30:00 0.74 28.16 83.17 1.87 225.03 0.0 0.0 0.0 0.0
2023-08-26_19:45:00 0.77 28.19 81.4 2.26 242.52 0.0 0.0 0.0 0.0
2023-08-26_20:00:00 0.85 28.14 80.91 1.91 241.11 0.0 0.0 0.0 0.0
2023-08-26_20:15:00 0.82 27.98 81.19 2.38 243.04 0.0 0.0 0.0 0.0
2023-08-26_20:30:00 0.84 27.81 81.76 2.97 242.57 0.0 0.0 0.0 0.0
2023-08-26_20:45:00 0.87 27.59 82.91 3.31 246.69 0.0 0.0 0.0 0.0
2023-08-26_21:00:00 0.9 27.48 84.09 3.35 247.14 0.0 0.0 0.0 0.0
2023-08-26_21:15:00 0.88 27.38 85.17 3.46 246.81 0.0 0.0 0.0 0.0
2023-08-26_21:30:00 0.87 27.32 85.98 3.47 244.29 0.0 0.0 0.0 0.0
2023-08-26_21:45:00 0.85 27.24 86.74 3.47 245.32 0.0 0.0 0.0 0.0
2023-08-26_22:00:00 0.8 27.15 87.6 3.27 243.97 0.0 0.0 0.0 0.0
2023-08-26_22:15:00 0.81 27.05 88.4 3.2 242.9 0.0 0.0 0.0 0.0
2023-08-26_22:30:00 0.84 26.95 89.23 2.92 242.68 0.0 0.0 0.0 0.0
2023-08-26_22:45:00 0.91 26.83 90.15 2.73 240.09 0.0 0.0 0.0 0.0
2023-08-26_23:00:00 0.9 26.78 90.33 2.95 236.25 0.0 0.0 0.0 0.0
2023-08-26_23:15:00 0.88 26.74 90.34 3.16 234.99 0.0 0.0 0.0 0.0
2023-08-26_23:30:00 0.9 26.66 90.77 2.71 237.25 0.0 0.0 0.0 0.0
2023-08-26_23:45:00 0.87 26.51 91.51 2.44 235.32 0.0 0.0 0.0 0.0
2023-08-27_00:00:00 0.82 26.46 91.5 2.78 229.28 0.0 0.0 0.0 0.0
2023-08-27_00:15:00 0.84 26.33 91.95 2.73 230.93 0.0 0.0 0.0 0.0
2023-08-27_00:30:00 0.84 26.23 92.4 2.61 231.67 0.0 0.0 0.0 0.0
2023-08-27_00:45:00 0.84 26.03 93.1 2.6 230.25 0.0 0.0 0.0 0.0
2023-08-27_01:00:00 0.83 25.99 93.21 2.8 228.12 0.0 0.0 0.0 0.0
2023-08-27_01:15:00 0.89 26.03 93.08 3.02 228.05 0.0 0.0 0.0 0.0
2023-08-27_01:30:00 0.93 25.99 93.33 3.19 227.46 0.0 0.0 0.0 0.0
2023-08-27_01:45:00 0.91 25.96 93.67 3.22 227.74 0.0 0.0 0.0 0.0
2023-08-27_02:00:00 0.91 25.93 94.07 3.28 229.08 0.0 0.0 0.0 0.0
2023-08-27_02:15:00 0.93 25.89 94.61 3.19 231.41 0.0 0.0 0.0 0.0
2023-08-27_02:30:00 0.91 25.86 95.0 3.32 232.0 0.0 0.0 0.0 0.0
2023-08-27_02:45:00 0.88 25.89 95.16 3.62 232.88 0.0 0.0 0.0 0.0
2023-08-27_03:00:00 0.88 25.89 95.4 3.66 233.75 0.0 0.0 0.0 0.0
2023-08-27_03:15:00 0.9 25.87 95.73 3.54 235.74 0.0 0.0 0.0 0.0
2023-08-27_03:30:00 0.9 25.85 95.89 3.82 237.65 0.0 0.0 0.0 0.0
2023-08-27_03:45:00 0.9 25.85 95.89 3.97 240.73 0.0 0.0 0.0 0.0
2023-08-27_04:00:00 0.88 25.82 95.95 3.78 240.97 0.0 0.0 0.0 0.0
2023-08-27_04:15:00 0.87 25.77 96.11 3.79 241.56 0.0 0.0 0.0 0.0
2023-08-27_04:30:00 0.87 25.75 96.08 3.71 240.61 0.0 0.0 0.0 0.0
2023-08-27_04:45:00 0.89 25.71 96.15 3.42 244.12 0.0 0.0 0.0 0.0
2023-08-27_05:00:00 0.87 25.65 96.37 3.08 245.16 0.0 0.0 0.0 0.0
2023-08-27_05:15:00 0.86 25.65 96.3 3.12 245.19 0.0 0.0 0.0 0.0
2023-08-27_05:30:00 0.85 25.62 96.34 3.07 239.21 0.0 0.0 0.0 0.0
2023-08-27_05:45:00 0.86 25.57 96.47 2.94 237.88 0.0 0.0 0.0 0.0
2023-08-27_06:00:00 0.86 25.55 96.42 3.1 238.16 0.0 0.0 0.0 0.0
2023-08-27_06:15:00 0.86 26.02 94.25 3.57 241.51 50.69 51.37 1.1 50.27
2023-08-27_06:30:00 0.87 26.11 93.71 3.49 246.78 50.69 51.34 1.07 50.27
2023-08-27_06:45:00 0.87 26.41 92.77 3.66 252.08 126.31 127.12 2.1 125.02
2023-08-27_07:00:00 0.87 26.49 92.54 3.58 250.51 126.31 127.05 2.03 125.02
