time clf t2 rh ws wd ghi poa_global poa_direct poa_diffuse
2023-07-02_07:00:00 0.89 25.48 93.58 2.31 141.37 0.0 0.0 0.0 0.0
2023-07-02_07:15:00 0.87 26.47 88.34 2.78 155.73 324.33 680.12 637.07 43.05
2023-07-02_07:30:00 0.85 26.81 86.53 2.84 164.21 324.33 655.24 612.2 43.05
2023-07-02_07:45:00 0.84 27.18 84.67 2.96 171.45 333.77 403.81 187.13 216.68
2023-07-02_08:00:00 0.84 27.37 83.7 2.96 180.74 333.77 394.51 177.83 216.68
2023-07-02_08:15:00 0.81 27.78 82.2 3.0 188.13 454.53 498.94 276.88 222.06
2023-07-02_08:30:00 0.83 28.12 80.81 3.21 186.6 454.53 481.64 259.58 222.06
2023-07-02_08:45:00 0.84 28.5 79.43 3.43 192.27 540.77 509.68 272.28 237.4
2023-07-02_09:00:00 0.88 28.85 78.13 3.71 198.43 540.77 488.29 250.89 237.4
2023-07-02_09:15:00 0.93 29.07 77.39 3.7 200.83 515.91 408.82 220.34 188.48
2023-07-02_09:30:00 0.9 29.27 76.72 3.65 200.07 515.91 386.76 198.28 188.48
2023-07-02_09:45:00 0.91 29.45 76.01 3.64 200.57 435.48 357.95 73.58 284.37
2023-07-02_10:00:00 0.9 29.63 75.21 3.75 201.27 435.48 348.27 63.9 284.37
2023-07-02_10:15:00 0.93 29.78 74.52 3.79 203.24 529.43 325.97 103.31 222.66
2023-07-02_10:30:00 0.93 29.87 73.97 3.89 202.59 529.43 306.98 84.32 222.66
2023-07-02_10:45:00 0.9 30.01 73.2 4.05 203.69 500.2 211.81 73.57 138.24
2023-07-02_11:00:00 0.84 30.14 72.28 4.01 207.26 500.2 190.54 52.3 138.24
2023-07-02_11:15:00 0.77 30.36 70.92 3.93 213.37 483.23 181.65 28.37 153.28
2023-07-02_11:30:00 0.74 30.56 69.95 3.93 215.29 483.23 159.96 6.69 153.28
2023-07-02_11:45:00 0.72 30.8 68.97 3.95 212.62 594.05 181.11 0.0 181.11
2023-07-02_12:00:00 0.74 30.88 68.35 3.89 214.92 594.05 181.11 0.0 181.11
2023-07-02_12:15:00 0.84 30.94 67.87 3.62 217.34 557.15 156.71 0.0 156.71
2023-07-02_12:30:00 0.84 31.05 67.2 3.16 212.56 557.15 156.71 0.0 156.71
2023-07-02_12:45:00 0.85 31.46 64.97 3.23 203.66 507.73 234.54 0.0 234.54
2023-07-02_13:00:00 0.82 31.69 63.82 3.23 206.59 507.73 234.54 0.0 234.54
2023-07-02_13:15:00 0.71 31.8 63.3 3.33 209.88 591.8 359.01 0.0 359.01
2023-07-02_13:30:00 0.68 31.86 62.95 3.76 206.78 591.8 359.01 0.0 359.01
2023-07-02_13:45:00 0.64 31.87 62.74 4.39 210.51 596.67 308.19 0.0 308.19
2023-07-02_14:00:00 0.73 31.7 63.39 4.62 215.55 596.67 308.19 0.0 308.19
2023-07-02_14:15:00 0.85 31.1 66.0 4.57 210.93 508.68 284.15 0.0 284.15
2023-07-02_14:30:00 0.81 30.41 69.65 5.57 202.09 508.68 284.15 0.0 284.15
2023-07-02_14:45:00 0.73 29.03 75.75 6.82 198.1 270.24 226.04 0.0 226.04
2023-07-02_15:00:00 0.71 28.16 79.8 6.92 198.93 270.24 226.04 0.0 226.04
2023-07-02_15:15:00 0.69 27.69 81.33 6.37 201.15 225.14 216.51 0.0 216.51
2023-07-02_15:30:00 0.74 27.47 82.12 6.24 204.17 225.14 216.51 0.0 216.51
2023-07-02_15:45:00 0.73 27.22 82.48 6.05 204.27 225.24 223.9 0.0 223.9
2023-07-02_16:00:00 0.81 27.32 81.05 5.12 205.72 225.24 223.9 0.0 223.9
2023-07-02_16:15:00 0.86 27.47 79.39 3.92 216.03 164.62 163.68 0.0 163.68
2023-07-02_16:30:00 0.88 27.72 77.57 3.51 234.15 164.62 163.68 0.0 163.68
2023-07-02_16:45:00 0.85 27.6 77.42 3.04 239.36 71.16 70.75 0.0 70.75
2023-07-02_17:00:00 0.79 27.62 76.75 2.95 235.83 71.16 70.75 0.0 70.75
2023-07-02_17:15:00 0.74 27.61 76.13 2.82 222.52 74.33 73.81 0.0 73.81
2023-07-02_17:30:00 0.84 27.65 75.67 2.34 203.52 74.33 73.81 0.0 73.81
2023-07-02_17:45:00 0.89 27.56 76.52 1.58 195.8 38.87 38.65 0.0 38.65
2023-07-02_18:00:00 0.87 27.61 76.55 1.5 202.42 38.87 38.65 0.0 38.65
2023-07-02_18:15:00 0.87 27.27 79.13 1.02 220.81 0.76 0.75 0.0 0.75
2023-07-02_18:30:00 0.86 27.24 79.24 0.82 238.73 0.76 0.75 0.0 0.75
2023-07-02_18:45:00 0.84 26.94 80.97 0.79 245.21 0.0 0.0 0.0 0.0
2023-07-02_19:00:00 0.81 26.91 80.85 0.65 248.31 0.0 0.0 0.0 0.0
2023-07-02_19:15:00 0.83 26.67 81.93 0.64 205.11 0.0 0.0 0.0 0.0
2023-07-02_19:30:00 0.82 26.59 82.08 0.62 191.06 0.0 0.0 0.0 0.0
2023-07-02_19:45:00 0.83 26.58 81.83 0.58 216.03 0.0 0.0 0.0 0.0
2023-07-02_20:00:00 0.88 26.54 81.81 0.6 234.14 0.0 0.0 0.0 0.0
2023-07-02_20:15:00 0.9 26.62 81.6 0.61 271.6 0.0 0.0 0.0 0.0
2023-07-02_20:30:00 0.89 26.49 82.03 0.84 300.72 0.0 0.0 0.0 0.0
2023-07-02_20:45:00 0.87 26.54 81.19 1.19 302.3 0.0 0.0 0.0 0.0
2023-07-02_21:00:00 0.9 26.45 81.47 1.55 299.73 0.0 0.0 0.0 0.0
2023-07-02_21:15:00 0.9 26.32 82.01 1.84 302.79 0.0 0.0 0.0 0.0
2023-07-02_21:30:00 0.86 26.22 82.82 1.79 308.51 0.0 0.0 0.0 0.0
2023-07-02_21:45:00 0.86 26.02 83.96 1.83 318.67 0.0 0.0 0.0 0.0
2023-07-02_22:00:00 0.88 25.94 85.21 1.72 333.08 0.0 0.0 0.0 0.0
2023-07-02_22:15:00 0.88 26.1 84.6 1.72 347.27 0.0 0.0 0.0 0.0
2023-07-02_22:30:00 0.87 26.01 85.49 1.61 356.14 0.0 0.0 0.0 0.0
2023-07-02_22:45:00 0.87 25.94 86.26 1.46 7.12 0.0 0.0 0.0 0.0
2023-07-02_23:00:00 0.87 25.89 86.99 1.36 22.39 0.0 0.0 0.0 0.0
2023-07-02_23:15:00 0.88 25.85 87.42 1.36 31.74 0.0 0.0 0.0 0.0
2023-07-02_23:30:00 0.87 25.81 87.96 1.16 45.63 0.0 0.0 0.0 0.0
2023-07-02_23:45:00 0.86 25.83 87.75 1.2 57.6 0.0 0.0 0.0 0.0
2023-07-03_00:00:00 0.86 25.78 87.93 1.27 53.17 0.0 0.0 0.0 0.0
2023-07-03_00:15:00 0.86 25.72 88.13 1.41 47.88 0.0 0.0 0.0 0.0
2023-07-03_00:30:00 0.85 25.67 88.22 1.5 50.52 0.0 0.0 0.0 0.0
2023-07-03_00:45:00 0.85 25.58 88.67 1.54 46.87 0.0 0.0 0.0 0.0
2023-07-03_01:00:00 0.86 25.52 88.59 1.91 39.44 0.0 0.0 0.0 0.0
2023-07-03_01:15:00 0.87 25.2 90.07 1.82 39.15 0.0 0.0 0.0 0.0
2023-07-03_01:30:00 0.86 25.15 89.84 1.85 45.57 0.0 0.0 0.0 0.0
2023-07-03_01:45:00 0.84 25.22 88.53 1.89 53.87 0.0 0.0 0.0 0.0
2023-07-03_02:00:00 0.85 25.15 88.36 1.71 59.55 0.0 0.0 0.0 0.0
2023-07-03_02:15:00 0.86 24.84 89.78 1.52 66.25 0.0 0.0 0.0 0.0
2023-07-03_02:30:00 0.86 24.83 89.2 1.61 66.76 0.0 0.0 0.0 0.0
2023-07-03_02:45:00 0.9 24.88 88.29 1.64 77.88 0.0 0.0 0.0 0.0
2023-07-03_03:00:00 0.87 24.82 88.29 1.42 84.13 0.0 0.0 0.0 0.0
2023-07-03_03:15:00 0.85 25.05 87.13 1.1 87.99 0.0 0.0 0.0 0.0
2023-07-03_03:30:00 0.86 25.04 86.96 1.11 104.95 0.0 0.0 0.0 0.0
2023-07-03_03:45:00 0.86 24.98 86.91 1.27 110.6 0.0 0.0 0.0 0.0
2023-07-03_04:00:00 0.86 24.98 86.75 1.17 98.31 0.0 0.0 0.0 0.0
2023-07-03_04:15:00 0.86 24.84 87.68 0.88 100.09 0.0 0.0 0.0 0.0
2023-07-03_04:30:00 0.85 24.85 87.44 0.76 103.97 0.0 0.0 0.0 0.0
2023-07-03_04:45:00 0.87 24.76 87.69 0.94 105.62 0.0 0.0 0.0 0.0
2023-07-03_05:00:00 0.86 24.74 87.67 1.03 124.42 0.0 0.0 0.0 0.0
2023-07-03_05:15:00 0.86 24.74 87.71 1.01 134.54 0.0 0.0 0.0 0.0
2023-07-03_05:30:00 0.86 24.75 87.63 0.8 126.61 0.0 0.0 0.0 0.0
2023-07-03_05:45:00 0.86 24.88 87.75 0.7 108.57 8.01 7.97 0.0 7.97
2023-07-03_06:00:00 0.85 24.85 87.91 0.62 95.53 8.01 7.97 0.0 7.97
2023-07-03_06:15:00 0.86 25.44 83.26 0.52 103.76 65.45 71.81 7.93 63.88
2023-07-03_06:30:00 0.87 25.47 83.71 0.45 100.49 65.45 71.64 7.76 63.88
2023-07-03_06:45:00 0.85 25.78 83.26 0.33 102.92 109.14 117.22 12.17 105.05
2023-07-03_07:00:00 0.85 25.96 82.4 0.32 157.85 109.14 116.86 11.81 105.05
2023-07-03_07:15:00 0.85 26.58 79.76 0.6 178.23 229.34 294.97 119.16 175.81
2023-07-03_07:30:00 0.84 26.84 79.4 0.62 183.33 229.34 290.32 114.51 175.81
2023-07-03_07:45:00 0.83 27.31 78.64 0.84 194.66 378.28 469.94 243.4 226.54
2023-07-03_08:00:00 0.82 27.58 78.39 1.25 198.79 378.28 457.85 231.31 226.54
2023-07-03_08:15:00 0.82 28.09 77.69 1.64 199.29 538.09 621.05 502.83 118.23
2023-07-03_08:30:00 0.79 28.36 77.32 1.47 203.55 538.09 589.65 471.43 118.23
2023-07-03_08:45:00 0.79 28.77 76.28 1.35 211.98 640.06 586.37 493.66 92.71
2023-07-03_09:00:00 0.79 29.09 75.09 1.33 221.66 640.06 547.61 454.9 92.71
2023-07-03_09:15:00 0.81 29.5 73.57 1.38 235.2 733.12 528.54 425.75 102.79
2023-07-03_09:30:00 0.8 29.84 71.93 1.64 244.35 733.12 485.94 383.15 102.79
2023-07-03_09:45:00 0.8 30.25 70.11 1.98 256.66 809.77 464.43 335.14 129.29
2023-07-03_10:00:00 0.82 30.59 68.43 2.32 260.56 809.77 420.36 291.07 129.29
2023-07-03_10:15:00 0.82 30.93 66.68 2.79 266.18 852.77 420.75 220.71 200.04
2023-07-03_10:30:00 0.83 31.21 65.17 3.07 273.64 852.77 380.21 180.18 200.04
2023-07-03_10:45:00 0.83 31.48 63.8 3.38 276.16 877.3 396.88 122.73 274.15
2023-07-03_11:00:00 0.83 31.7 62.68 3.49 276.46 877.3 361.42 87.27 274.15
2023-07-03_11:15:00 0.81 31.95 61.7 3.52 276.66 917.38 350.29 53.43 296.86
2023-07-03_11:30:00 0.79 32.15 60.89 3.69 276.65 917.38 309.54 12.68 296.86
2023-07-03_11:45:00 0.78 32.23 60.37 3.82 278.83 733.29 238.88 0.0 238.88
2023-07-03_12:00:00 0.79 32.41 59.62 3.77 283.49 733.29 238.88 0.0 238.88
2023-07-03_12:15:00 0.81 32.55 58.99 3.64 285.9 686.83 121.58 0.0 121.58
2023-07-03_12:30:00 0.81 32.73 58.22 3.78 288.72 686.83 121.58 0.0 121.58
2023-07-03_12:45:00 0.84 32.84 57.55 3.92 283.49 715.17 161.49 0.0 161.49
2023-07-03_13:00:00 0.81 32.97 56.95 3.95 283.66 715.17 161.49 0.0 161.49
2023-07-03_13:15:00 0.79 33.05 56.59 3.89 286.89 619.74 194.36 0.0 194.36
2023-07-03_13:30:00 0.76 33.15 56.29 3.96 286.93 619.74 194.36 0.0 194.36
2023-07-03_13:45:00 0.68 33.15 56.26 4.05 289.61 643.27 136.98 0.0 136.98
2023-07-03_14:00:00 0.66 33.19 56.35 3.99 294.24 643.27 136.98 0.0 136.98
2023-07-03_14:15:00 0.64 33.18 56.72 3.76 301.34 530.65 61.02 0.0 61.02
2023-07-03_14:30:00 0.6 33.2 56.92 3.69 306.87 530.65 61.02 0.0 61.02
2023-07-03_14:45:00 0.54 33.21 56.97 3.78 307.62 632.89 62.84 0.0 62.84
2023-07-03_15:00:00 0.5 33.12 57.51 3.76 306.55 632.89 62.84 0.0 62.84
2023-07-03_15:15:00 0.39 32.84 58.46 3.32 311.37 529.91 48.8 0.0 48.8
2023-07-03_15:30:00 0.32 32.81 58.41 2.9 314.66 529.91 48.8 0.0 48.8
2023-07-03_15:45:00 0.41 32.77 58.13 2.31 305.56 377.41 66.23 0.0 66.23
2023-07-03_16:00:00 0.41 32.73 58.1 2.09 315.04 377.41 66.23 0.0 66.23
2023-07-03_16:15:00 0.37 32.51 58.73 1.65 328.57 297.02 52.08 0.0 52.08
2023-07-03_16:30:00 0.46 32.51 58.79 0.81 350.82 297.02 52.08 0.0 52.08
2023-07-03_16:45:00 0.45 32.37 59.67 1.1 239.25 260.13 51.87 0.0 51.87
2023-07-03_17:00:00 0.56 31.44 64.61 3.83 235.5 260.13 51.87 0.0 51.87
2023-07-03_17:15:00 0.59 29.32 74.6 6.18 230.98 100.45 38.91 0.0 38.91
2023-07-03_17:30:00 0.58 27.65 82.22 7.61 233.63 100.45 38.91 0.0 38.91
2023-07-03_17:45:00 0.58 26.4 86.54 7.53 236.6 14.29 13.67 0.0 13.67
2023-07-03_18:00:00 0.62 26.06 87.17 7.23 238.49 14.29 13.67 0.0 13.67
2023-07-03_18:15:00 0.77 25.8 87.37 7.37 236.35 0.45 0.44 0.0 0.44
2023-07-03_18:30:00 0.82 25.58 87.9 7.25 233.35 0.45 0.44 0.0 0.44
2023-07-03_18:45:00 0.87 25.31 88.92 6.97 227.92 0.0 0.0 0.0 0.0
2023-07-03_19:00:00 0.94 25.05 89.92 6.22 225.22 0.0 0.0 0.0 0.0
2023-07-03_19:15:00 0.91 24.71 91.28 6.48 225.7 0.0 0.0 0.0 0.0
2023-07-03_19:30:00 0.87 24.44 91.89 6.52 224.98 0.0 0.0 0.0 0.0
2023-07-03_19:45:00 0.9 24.31 91.98 5.24 227.61 0.0 0.0 0.0 0.0
2023-07-03_20:00:00 0.89 24.17 92.7 4.71 234.41 0.0 0.0 0.0 0.0
2023-07-03_20:15:00 0.93 24.09 93.18 5.04 241.18 0.0 0.0 0.0 0.0
2023-07-03_20:30:00 0.92 24.07 93.54 4.9 246.55 0.0 0.0 0.0 0.0
2023-07-03_20:45:00 0.93 24.05 93.8 5.09 252.02 0.0 0.0 0.0 0.0
2023-07-03_21:00:00 0.93 24.08 93.51 4.76 257.13 0.0 0.0 0.0 0.0
2023-07-03_21:15:00 0.92 24.06 93.42 4.02 257.46 0.0 0.0 0.0 0.0
2023-07-03_21:30:00 0.91 24.0 93.54 3.9 249.95 0.0 0.0 0.0 0.0
2023-07-03_21:45:00 0.91 23.96 93.34 4.06 249.17 0.0 0.0 0.0 0.0
2023-07-03_22:00:00 0.91 23.96 93.12 3.9 249.64 0.0 0.0 0.0 0.0
2023-07-03_22:15:00 0.9 23.93 92.98 3.3 241.98 0.0 0.0 0.0 0.0
2023-07-03_22:30:00 0.87 23.92 92.92 2.48 239.54 0.0 0.0 0.0 0.0
2023-07-03_22:45:00 0.84 23.88 93.03 1.91 251.29 0.0 0.0 0.0 0.0
2023-07-03_23:00:00 0.84 23.87 93.0 1.61 253.86 0.0 0.0 0.0 0.0
2023-07-03_23:15:00 0.82 23.88 92.88 1.39 243.15 0.0 0.0 0.0 0.0
2023-07-03_23:30:00 0.8 23.87 92.87 1.6 251.8 0.0 0.0 0.0 0.0
2023-07-03_23:45:00 0.8 23.85 92.93 1.94 246.9 0.0 0.0 0.0 0.0
2023-07-04_00:00:00 0.77 23.87 92.66 2.0 240.94 0.0 0.0 0.0 0.0
2023-07-04_00:15:00 0.67 23.88 92.33 2.08 241.78 0.0 0.0 0.0 0.0
2023-07-04_00:30:00 0.62 23.91 92.02 2.0 240.14 0.0 0.0 0.0 0.0
2023-07-04_00:45:00 0.54 23.91 92.03 1.89 243.33 0.0 0.0 0.0 0.0
2023-07-04_01:00:00 0.54 23.93 91.98 1.76 245.42 0.0 0.0 0.0 0.0
2023-07-04_01:15:00 0.48 23.89 92.31 1.62 232.25 0.0 0.0 0.0 0.0
2023-07-04_01:30:00 0.38 23.88 92.3 1.58 208.33 0.0 0.0 0.0 0.0
2023-07-04_01:45:00 0.29 23.79 92.54 1.66 189.85 0.0 0.0 0.0 0.0
2023-07-04_02:00:00 0.22 23.77 92.29 1.68 181.23 0.0 0.0 0.0 0.0
2023-07-04_02:15:00 0.17 23.71 92.55 1.4 186.03 0.0 0.0 0.0 0.0
2023-07-04_02:30:00 0.16 23.69 92.73 1.19 192.27 0.0 0.0 0.0 0.0
2023-07-04_02:45:00 0.17 23.71 92.44 1.25 191.85 0.0 0.0 0.0 0.0
2023-07-04_03:00:00 0.2 23.72 92.12 1.3 185.02 0.0 0.0 0.0 0.0
2023-07-04_03:15:00 0.22 23.73 92.11 1.1 195.01 0.0 0.0 0.0 0.0
2023-07-04_03:30:00 0.21 23.72 92.14 0.97 217.49 0.0 0.0 0.0 0.0
2023-07-04_03:45:00 0.22 23.7 92.12 0.94 235.4 0.0 0.0 0.0 0.0
2023-07-04_04:00:00 0.19 23.69 92.06 1.12 246.41 0.0 0.0 0.0 0.0
2023-07-04_04:15:00 0.17 23.59 92.2 1.25 250.25 0.0 0.0 0.0 0.0
2023-07-04_04:30:00 0.14 23.59 92.23 1.29 245.65 0.0 0.0 0.0 0.0
2023-07-04_04:45:00 0.15 23.55 92.37 1.24 241.02 0.0 0.0 0.0 0.0
2023-07-04_05:00:00 0.19 23.6 92.2 1.04 231.89 0.0 0.0 0.0 0.0
2023-07-04_05:15:00 0.23 23.63 92.16 0.86 236.01 0.0 0.0 0.0 0.0
2023-07-04_05:30:00 0.28 23.62 92.37 0.68 251.68 0.0 0.0 0.0 0.0
2023-07-04_05:45:00 0.29 23.81 92.66 0.58 270.48 9.56 65.88 57.79 8.08
2023-07-04_06:00:00 0.25 23.74 93.22 0.62 293.68 9.56 65.1 57.01 8.08
2023-07-04_06:15:00 0.3 24.54 89.79 0.71 318.12 84.1 221.82 162.3 59.52
2023-07-04_06:30:00 0.41 24.67 90.29 0.47 348.5 84.1 218.37 158.84 59.52
2023-07-04_06:45:00 0.41 25.35 89.6 0.38 315.22 201.77 544.18 480.19 63.99
2023-07-04_07:00:00 0.41 25.62 89.4 0.2 333.91 201.77 529.93 465.94 63.99
2023-07-04_07:15:00 0.42 26.16 88.76 0.05 329.29 313.27 587.44 489.62 97.82
2023-07-04_07:30:00 0.36 26.53 88.45 0.33 259.03 313.27 568.36 470.54 97.82
2023-07-04_07:45:00 0.28 27.08 87.53 0.76 279.29 439.74 682.48 634.03 48.45
2023-07-04_08:00:00 0.28 27.48 86.42 1.25 280.46 439.74 651.01 602.56 48.45
2023-07-04_08:15:00 0.25 27.98 84.66 2.0 286.16 539.35 624.23 509.1 115.13
2023-07-04_08:30:00 0.27 28.35 82.86 2.25 287.84 539.35 592.46 477.33 115.13
2023-07-04_08:45:00 0.31 28.8 80.77 2.19 283.92 649.23 593.06 525.67 67.4
2023-07-04_09:00:00 0.27 29.14 78.8 2.32 284.55 649.23 551.81 484.41 67.4
2023-07-04_09:15:00 0.23 29.55 76.69 2.39 287.56 742.32 520.98 462.91 58.07
2023-07-04_09:30:00 0.22 29.89 74.6 2.53 287.77 742.32 474.68 416.61 58.07
2023-07-04_09:45:00 0.12 30.29 72.21 2.97 297.25 821.57 435.81 375.66 60.15
2023-07-04_10:00:00 0.08 30.61 70.14 2.99 298.56 821.57 386.43 326.28 60.15
2023-07-04_10:15:00 0.06 30.95 68.03 2.9 300.48 886.29 344.76 277.67 67.1
2023-07-04_10:30:00 0.05 31.22 66.07 2.69 303.79 886.29 293.79 226.69 67.1
2023-07-04_10:45:00 0.01 31.51 64.24 2.91 308.45 936.73 241.36 178.4 62.96
2023-07-04_11:00:00 0.01 31.75 62.62 2.93 315.5 936.73 189.83 126.87 62.96
2023-07-04_11:15:00 0.02 32.02 61.01 2.78 318.49 970.77 142.76 78.3 64.46
2023-07-04_11:30:00 0.0 32.26 59.49 2.85 319.11 970.77 83.12 18.66 64.46
2023-07-04_11:45:00 0.0 32.5 58.01 2.91 320.28 987.22 64.1 0.0 64.1
2023-07-04_12:00:00 0.0 32.72 56.64 3.08 320.96 987.22 64.1 0.0 64.1
2023-07-04_12:15:00 0.0 32.91 55.48 3.38 321.49 985.45 67.42 0.0 67.42
2023-07-04_12:30:00 0.0 33.1 54.45 3.3 324.62 985.45 67.42 0.0 67.42
2023-07-04_12:45:00 0.0 33.25 53.62 3.55 324.6 967.86 63.61 0.0 63.61
2023-07-04_13:00:00 0.0 33.39 52.87 3.75 322.19 967.86 63.61 0.0 63.61
2023-07-04_13:15:00 0.0 33.51 52.18 3.6 320.42 932.91 62.74 0.0 62.74
2023-07-04_13:30:00 0.0 33.66 51.44 3.63 318.95 932.91 62.74 0.0 62.74
2023-07-04_13:45:00 0.0 33.76 50.89 3.76 319.58 880.68 61.48 0.0 61.48
2023-07-04_14:00:00 0.0 33.89 50.29 3.64 320.22 880.68 61.48 0.0 61.48
2023-07-04_14:15:00 0.0 33.94 49.92 3.67 321.6 812.71 59.77 0.0 59.77
2023-07-04_14:30:00 0.0 34.04 49.53 3.7 324.73 812.71 59.77 0.0 59.77
2023-07-04_14:45:00 0.0 34.0 49.56 3.55 325.53 710.44 60.46 0.0 60.46
2023-07-04_15:00:00 0.0 34.05 49.39 3.47 322.35 710.44 60.46 0.0 60.46
2023-07-04_15:15:00 0.0 34.02 49.39 3.27 321.03 621.22 57.7 0.0 57.7
2023-07-04_15:30:00 0.0 34.07 49.19 3.22 321.19 621.22 57.7 0.0 57.7
2023-07-04_15:45:00 0.0 34.01 49.29 3.16 319.98 534.61 51.61 0.0 51.61
2023-07-04_16:00:00 0.0 34.06 49.0 3.0 318.76 534.61 51.61 0.0 51.61
2023-07-04_16:15:00 0.0 33.97 49.03 2.81 320.21 423.15 53.0 0.0 53.0
2023-07-04_16:30:00 0.0 34.02 48.66 2.94 320.48 423.15 53.0 0.0 53.0
2023-07-04_16:45:00 0.0 33.84 49.0 2.83 323.0 301.94 80.6 0.0 80.6
2023-07-04_17:00:00 0.0 33.86 48.64 2.86 329.72 301.94 80.6 0.0 80.6
2023-07-04_17:15:00 0.0 33.51 49.98 2.63 336.77 188.95 53.17 0.0 53.17
2023-07-04_17:30:00 0.0 33.48 50.2 2.3 340.91 188.95 53.17 0.0 53.17
2023-07-04_17:45:00 0.0 32.67 52.81 1.64 347.29 77.62 46.23 0.0 46.23
2023-07-04_18:00:00 0.0 32.55 53.39 1.5 346.12 77.62 46.23 0.0 46.23
2023-07-04_18:15:00 0.0 31.1 57.86 1.84 341.59 1.78 1.72 0.0 1.72
2023-07-04_18:30:00 0.0 30.95 58.07 2.08 342.56 1.78 1.72 0.0 1.72
2023-07-04_18:45:00 0.02 30.78 58.54 2.16 345.96 0.0 0.0 0.0 0.0
2023-07-04_19:00:00 0.03 30.6 59.35 2.17 350.39 0.0 0.0 0.0 0.0
2023-07-04_19:15:00 0.12 30.46 60.33 2.07 2.92 0.0 0.0 0.0 0.0
2023-07-04_19:30:00 0.14 30.28 61.51 1.97 9.35 0.0 0.0 0.0 0.0
2023-07-04_19:45:00 0.18 30.12 62.56 2.03 6.23 0.0 0.0 0.0 0.0
2023-07-04_20:00:00 0.23 29.97 63.23 2.18 4.37 0.0 0.0 0.0 0.0
2023-07-04_20:15:00 0.25 29.79 63.89 2.3 10.96 0.0 0.0 0.0 0.0
2023-07-04_20:30:00 0.28 29.6 64.8 2.16 12.31 0.0 0.0 0.0 0.0
2023-07-04_20:45:00 0.3 29.37 66.0 1.81 10.68 0.0 0.0 0.0 0.0
2023-07-04_21:00:00 0.31 29.26 66.42 1.39 2.62 0.0 0.0 0.0 0.0
2023-07-04_21:15:00 0.31 29.16 66.92 0.8 343.81 0.0 0.0 0.0 0.0
2023-07-04_21:30:00 0.31 29.06 67.63 0.61 271.26 0.0 0.0 0.0 0.0
2023-07-04_21:45:00 0.31 29.02 68.24 1.26 240.87 0.0 0.0 0.0 0.0
2023-07-04_22:00:00 0.3 28.88 69.63 1.82 238.27 0.0 0.0 0.0 0.0
2023-07-04_22:15:00 0.3 28.74 71.15 2.03 236.57 0.0 0.0 0.0 0.0
2023-07-04_22:30:00 0.32 28.54 73.03 2.08 230.96 0.0 0.0 0.0 0.0
2023-07-04_22:45:00 0.32 28.14 75.87 2.11 223.85 0.0 0.0 0.0 0.0
2023-07-04_23:00:00 0.29 28.01 77.03 2.26 221.27 0.0 0.0 0.0 0.0
2023-07-04_23:15:00 0.3 27.81 78.48 2.39 221.98 0.0 0.0 0.0 0.0
2023-07-04_23:30:00 0.3 27.61 80.15 2.25 225.39 0.0 0.0 0.0 0.0
2023-07-04_23:45:00 0.27 27.46 81.26 2.28 223.67 0.0 0.0 0.0 0.0
2023-07-05_00:00:00 0.27 27.37 81.85 2.55 221.02 0.0 0.0 0.0 0.0
2023-07-05_00:15:00 0.25 27.28 82.54 2.99 216.34 0.0 0.0 0.0 0.0
2023-07-05_00:30:00 0.24 27.19 83.27 3.1 217.79 0.0 0.0 0.0 0.0
2023-07-05_00:45:00 0.21 27.07 84.09 3.0 220.75 0.0 0.0 0.0 0.0
2023-07-05_01:00:00 0.2 26.94 84.86 2.8 221.88 0.0 0.0 0.0 0.0
2023-07-05_01:15:00 0.17 26.79 85.67 2.73 223.96 0.0 0.0 0.0 0.0
2023-07-05_01:30:00 0.13 26.69 86.29 2.6 227.75 0.0 0.0 0.0 0.0
2023-07-05_01:45:00 0.1 26.37 88.27 2.11 232.07 0.0 0.0 0.0 0.0
2023-07-05_02:00:00 0.11 26.22 89.37 1.83 234.78 0.0 0.0 0.0 0.0
2023-07-05_02:15:00 0.15 26.0 90.66 1.75 231.51 0.0 0.0 0.0 0.0
2023-07-05_02:30:00 0.1 25.94 91.04 1.84 231.12 0.0 0.0 0.0 0.0
2023-07-05_02:45:00 0.1 25.85 91.45 1.99 237.61 0.0 0.0 0.0 0.0
2023-07-05_03:00:00 0.11 25.74 92.2 1.86 232.16 0.0 0.0 0.0 0.0
2023-07-05_03:15:00 0.1 25.64 92.81 1.89 232.52 0.0 0.0 0.0 0.0
2023-07-05_03:30:00 0.08 25.56 93.35 1.82 232.1 0.0 0.0 0.0 0.0
2023-07-05_03:45:00 0.04 25.43 94.13 1.69 223.36 0.0 0.0 0.0 0.0
2023-07-05_04:00:00 0.03 25.37 94.47 1.69 211.01 0.0 0.0 0.0 0.0
2023-07-05_04:15:00 0.05 25.32 94.71 1.7 215.77 0.0 0.0 0.0 0.0
2023-07-05_04:30:00 0.04 25.29 94.87 1.83 234.23 0.0 0.0 0.0 0.0
2023-07-05_04:45:00 0.07 25.35 94.48 2.12 250.81 0.0 0.0 0.0 0.0
2023-07-05_05:00:00 0.12 25.26 94.84 1.98 250.22 0.0 0.0 0.0 0.0
2023-07-05_05:15:00 0.13 25.31 94.41 2.17 256.01 0.0 0.0 0.0 0.0
2023-07-05_05:30:00 0.15 25.23 94.53 1.99 249.92 0.0 0.0 0.0 0.0
2023-07-05_05:45:00 0.23 25.24 94.66 1.56 234.82 7.95 42.95 35.98 6.98
2023-07-05_06:00:00 0.25 25.16 95.08 1.4 229.7 7.95 42.47 35.49 6.98
2023-07-05_06:15:00 0.25 25.89 90.78 1.91 247.38 77.31 201.84 146.72 55.12
2023-07-05_06:30:00 0.26 26.03 89.67 1.85 258.57 77.31 198.72 143.6 55.12
2023-07-05_06:45:00 0.27 26.57 86.76 2.03 266.26 179.83 363.96 258.01 105.95
2023-07-05_07:00:00 0.26 26.8 85.46 2.35 282.75 179.83 356.32 250.36 105.95
