time clf t2 rh ws wd ghi poa_global poa_direct poa_diffuse
2023-09-07_07:00:00 0.35 26.11 87.94 1.31 248.87 0.0 0.0 0.0 0.0
2023-09-07_07:15:00 0.32 27.23 82.48 1.36 239.32 356.38 646.09 602.38 43.7
2023-09-07_07:30:00 0.27 27.48 81.05 1.49 229.9 356.38 615.57 571.86 43.7
2023-09-07_07:45:00 0.32 27.85 79.42 1.35 215.9 457.07 557.49 398.0 159.49
2023-09-07_08:00:00 0.33 28.03 78.74 1.82 208.74 457.07 531.64 372.15 159.49
2023-09-07_08:15:00 0.32 28.32 77.7 1.96 206.28 590.96 571.87 499.57 72.3
2023-09-07_08:30:00 0.35 28.55 76.74 1.97 205.03 590.96 530.26 457.96 72.3
2023-09-07_08:45:00 0.33 28.83 75.61 2.22 200.01 675.64 529.18 328.32 200.86
2023-09-07_09:00:00 0.34 29.03 74.9 2.55 195.32 675.64 493.52 292.65 200.86
2023-09-07_09:15:00 0.34 29.27 74.17 2.91 188.91 748.18 524.46 207.9 316.56
2023-09-07_09:30:00 0.35 29.44 73.74 3.35 187.2 748.18 493.78 177.22 316.56
2023-09-07_09:45:00 0.38 29.54 73.52 3.65 186.5 737.82 577.92 71.24 506.68
2023-09-07_10:00:00 0.41 29.62 73.34 4.01 186.74 737.82 562.4 55.72 506.68
2023-09-07_10:15:00 0.41 29.57 73.67 4.21 184.78 620.02 601.84 2.91 598.93
2023-09-07_10:30:00 0.4 29.54 74.06 4.65 183.64 620.02 600.7 1.78 598.93
2023-09-07_10:45:00 0.34 29.45 74.67 4.95 188.45 649.51 620.73 0.98 619.75
2023-09-07_11:00:00 0.34 29.42 74.86 5.21 191.7 649.51 619.75 0.0 619.75
2023-09-07_11:15:00 0.36 29.58 74.5 4.84 196.36 731.69 613.68 0.0 613.68
2023-09-07_11:30:00 0.3 29.76 73.74 4.95 197.11 731.69 613.68 0.0 613.68
2023-09-07_11:45:00 0.26 30.03 72.7 5.39 194.35 859.05 724.72 0.0 724.72
2023-09-07_12:00:00 0.23 30.12 72.43 5.83 193.63 859.05 724.72 0.0 724.72
2023-09-07_12:15:00 0.3 30.29 71.99 5.94 195.59 888.06 563.55 0.0 563.55
2023-09-07_12:30:00 0.26 30.32 72.08 6.18 194.8 888.06 563.55 0.0 563.55
2023-09-07_12:45:00 0.23 30.3 72.4 6.29 194.82 925.15 204.5 0.0 204.5
2023-09-07_13:00:00 0.26 30.36 72.34 6.48 200.73 925.15 204.5 0.0 204.5
2023-09-07_13:15:00 0.15 30.39 72.3 6.87 202.53 853.54 237.37 0.0 237.37
2023-09-07_13:30:00 0.09 30.43 72.2 7.27 202.65 853.54 237.37 0.0 237.37
2023-09-07_13:45:00 0.08 30.39 72.53 7.63 201.56 848.53 179.63 0.0 179.63
2023-09-07_14:00:00 0.03 30.36 72.89 7.36 203.01 848.53 179.63 0.0 179.63
2023-09-07_14:15:00 0.0 30.2 73.73 7.42 202.82 777.96 80.08 0.0 80.08
2023-09-07_14:30:00 0.0 30.04 74.61 7.63 202.84 777.96 80.08 0.0 80.08
2023-09-07_14:45:00 0.0 29.8 75.67 7.1 205.08 670.34 57.91 0.0 57.91
2023-09-07_15:00:00 0.0 29.67 76.22 6.9 204.36 670.34 57.91 0.0 57.91
2023-09-07_15:15:00 0.0 29.32 77.63 6.22 205.21 580.01 51.44 0.0 51.44
2023-09-07_15:30:00 0.0 29.01 78.83 5.11 215.85 580.01 51.44 0.0 51.44
2023-09-07_15:45:00 0.0 28.3 80.99 4.03 226.49 312.06 38.2 0.0 38.2
2023-09-07_16:00:00 0.0 27.92 82.05 3.06 235.59 312.06 38.2 0.0 38.2
2023-09-07_16:15:00 0.04 27.48 83.4 2.63 246.45 186.3 28.57 0.0 28.57
2023-09-07_16:30:00 0.04 27.44 83.53 2.52 250.57 186.3 28.57 0.0 28.57
2023-09-07_16:45:00 0.07 27.43 83.73 2.31 251.82 113.87 20.32 0.0 20.32
2023-09-07_17:00:00 0.05 27.52 83.26 2.11 249.33 113.87 20.32 0.0 20.32
2023-09-07_17:15:00 0.03 27.46 83.2 2.47 237.51 58.33 17.31 0.0 17.31
2023-09-07_17:30:00 0.06 27.57 82.88 2.96 227.81 58.33 17.31 0.0 17.31
2023-09-07_17:45:00 0.01 27.33 84.27 2.99 222.35 2.28 1.93 0.0 1.93
2023-09-07_18:00:00 0.0 27.27 84.98 3.02 214.3 2.28 1.93 0.0 1.93
2023-09-07_18:15:00 0.0 27.07 86.21 3.05 211.49 0.0 0.0 0.0 0.0
2023-09-07_18:30:00 0.0 26.97 87.03 2.97 209.15 0.0 0.0 0.0 0.0
2023-09-07_18:45:00 0.0 26.92 87.83 3.03 215.67 0.0 0.0 0.0 0.0
2023-09-07_19:00:00 0.0 26.84 88.61 3.09 218.42 0.0 0.0 0.0 0.0
2023-09-07_19:15:00 0.0 26.8 89.26 3.18 214.26 0.0 0.0 0.0 0.0
2023-09-07_19:30:00 0.0 26.76 89.99 3.37 211.26 0.0 0.0 0.0 0.0
2023-09-07_19:45:00 0.01 26.73 90.42 3.37 216.32 0.0 0.0 0.0 0.0
2023-09-07_20:00:00 0.03 26.66 91.13 3.23 217.94 0.0 0.0 0.0 0.0
2023-09-07_20:15:00 0.13 26.63 91.22 3.69 217.9 0.0 0.0 0.0 0.0
2023-09-07_20:30:00 0.16 26.62 91.32 3.94 218.91 0.0 0.0 0.0 0.0
2023-09-07_20:45:00 0.15 26.64 91.44 4.08 220.43 0.0 0.0 0.0 0.0
2023-09-07_21:00:00 0.18 26.62 91.55 4.13 222.95 0.0 0.0 0.0 0.0
2023-09-07_21:15:00 0.24 26.74 90.65 4.2 226.89 0.0 0.0 0.0 0.0
2023-09-07_21:30:00 0.25 26.74 90.72 4.09 223.95 0.0 0.0 0.0 0.0
2023-09-07_21:45:00 0.27 26.62 91.25 4.27 219.69 0.0 0.0 0.0 0.0
2023-09-07_22:00:00 0.27 26.57 91.59 4.31 218.95 0.0 0.0 0.0 0.0
2023-09-07_22:15:00 0.28 26.44 92.09 4.37 222.51 0.0 0.0 0.0 0.0
2023-09-07_22:30:00 0.27 26.38 92.5 4.23 225.54 0.0 0.0 0.0 0.0
2023-09-07_22:45:00 0.26 26.43 92.25 4.14 230.51 0.0 0.0 0.0 0.0
2023-09-07_23:00:00 0.21 26.36 92.57 3.97 230.89 0.0 0.0 0.0 0.0
2023-09-07_23:15:00 0.25 26.27 92.93 3.71 233.14 0.0 0.0 0.0 0.0
2023-09-07_23:30:00 0.27 26.25 92.87 3.78 232.09 0.0 0.0 0.0 0.0
2023-09-07_23:45:00 0.24 26.17 92.9 3.99 229.29 0.0 0.0 0.0 0.0
2023-09-08_00:00:00 0.26 26.16 92.81 3.8 229.29 0.0 0.0 0.0 0.0
2023-09-08_00:15:00 0.22 26.1 93.27 3.74 229.72 0.0 0.0 0.0 0.0
2023-09-08_00:30:00 0.22 26.07 93.36 3.58 229.53 0.0 0.0 0.0 0.0
2023-09-08_00:45:00 0.24 26.08 93.27 3.62 234.15 0.0 0.0 0.0 0.0
2023-09-08_01:00:00 0.26 26.08 92.99 3.58 232.56 0.0 0.0 0.0 0.0
2023-09-08_01:15:00 0.27 26.03 93.13 3.43 230.12 0.0 0.0 0.0 0.0
2023-09-08_01:30:00 0.31 26.04 93.14 3.5 231.16 0.0 0.0 0.0 0.0
2023-09-08_01:45:00 0.34 26.05 93.28 3.56 233.21 0.0 0.0 0.0 0.0
2023-09-08_02:00:00 0.38 25.99 93.61 3.21 232.94 0.0 0.0 0.0 0.0
2023-09-08_02:15:00 0.38 25.92 93.87 3.15 230.15 0.0 0.0 0.0 0.0
2023-09-08_02:30:00 0.48 25.81 94.41 2.83 232.64 0.0 0.0 0.0 0.0
2023-09-08_02:45:00 0.5 25.79 94.28 2.79 232.15 0.0 0.0 0.0 0.0
2023-09-08_03:00:00 0.43 25.79 94.26 3.07 232.25 0.0 0.0 0.0 0.0
2023-09-08_03:15:00 0.49 25.88 93.78 3.49 236.42 0.0 0.0 0.0 0.0
2023-09-08_03:30:00 0.66 25.8 93.65 3.72 242.05 0.0 0.0 0.0 0.0
2023-09-08_03:45:00 0.76 25.63 93.56 3.35 238.01 0.0 0.0 0.0 0.0
2023-09-08_04:00:00 0.84 25.43 93.48 3.19 229.59 0.0 0.0 0.0 0.0
2023-09-08_04:15:00 0.88 25.23 93.85 3.73 215.66 0.0 0.0 0.0 0.0
2023-09-08_04:30:00 0.86 25.15 93.73 4.2 220.85 0.0 0.0 0.0 0.0
2023-09-08_04:45:00 0.84 25.13 93.41 3.53 234.53 0.0 0.0 0.0 0.0
2023-09-08_05:00:00 0.83 25.23 92.19 3.39 241.64 0.0 0.0 0.0 0.0
2023-09-08_05:15:00 0.77 25.38 90.4 3.43 253.93 0.0 0.0 0.0 0.0
2023-09-08_05:30:00 0.7 25.47 89.39 3.18 259.64 0.0 0.0 0.0 0.0
2023-09-08_05:45:00 0.64 25.54 88.5 3.15 260.59 7.84 51.6 45.06 6.54
2023-09-08_06:00:00 0.57 25.61 87.74 3.1 262.81 7.84 50.71 44.17 6.54
2023-09-08_06:15:00 0.52 26.35 84.03 3.32 260.54 98.62 363.4 320.5 42.9
2023-09-08_06:30:00 0.37 26.51 83.35 3.24 254.36 98.62 354.14 311.25 42.9
2023-09-08_06:45:00 0.35 27.2 80.57 3.51 244.64 233.04 623.11 585.74 37.37
2023-09-08_07:00:00 0.34 27.4 79.92 3.46 241.43 233.04 600.19 562.83 37.37
2023-09-08_07:15:00 0.28 27.84 78.51 3.61 239.25 358.78 648.03 604.26 43.78
2023-09-08_07:30:00 0.3 28.07 77.71 3.39 234.66 358.78 617.23 573.46 43.78
2023-09-08_07:45:00 0.4 28.51 75.97 3.22 228.79 482.26 627.34 578.92 48.42
2023-09-08_08:00:00 0.42 28.76 74.83 3.24 225.79 482.26 589.5 541.08 48.42
2023-09-08_08:15:00 0.35 29.18 72.89 3.01 225.53 598.16 575.25 523.25 51.99
2023-09-08_08:30:00 0.39 29.45 71.59 2.96 215.71 598.16 531.36 479.37 51.99
2023-09-08_08:45:00 0.47 29.74 70.73 3.36 206.76 705.1 502.22 447.42 54.79
2023-09-08_09:00:00 0.45 29.83 70.82 3.56 207.17 705.1 453.21 398.42 54.79
2023-09-08_09:15:00 0.52 30.02 70.54 3.7 203.88 798.68 412.33 355.3 57.03
2023-09-08_09:30:00 0.63 30.16 70.31 3.74 201.96 798.68 359.37 302.34 57.03
2023-09-08_09:45:00 0.69 30.38 69.75 4.17 199.02 877.59 310.79 252.02 58.77
2023-09-08_10:00:00 0.66 30.5 69.56 4.44 198.28 877.59 255.1 196.33 58.77
2023-09-08_10:15:00 0.62 30.63 69.35 4.5 196.82 933.41 200.91 140.5 60.42
2023-09-08_10:30:00 0.56 30.72 69.17 4.52 197.17 933.41 144.85 84.43 60.42
2023-09-08_10:45:00 0.49 30.75 69.24 4.45 196.73 948.33 88.92 30.09 58.84
2023-09-08_11:00:00 0.51 30.85 69.07 4.74 191.98 948.33 58.84 0.0 58.84
2023-09-08_11:15:00 0.44 30.95 68.94 5.06 190.49 880.05 53.68 0.0 53.68
2023-09-08_11:30:00 0.41 30.9 69.43 5.11 188.31 880.05 53.68 0.0 53.68
2023-09-08_11:45:00 0.41 30.78 70.33 5.23 187.91 868.72 108.73 0.0 108.73
2023-09-08_12:00:00 0.47 30.69 71.13 4.86 192.76 868.72 108.73 0.0 108.73
2023-09-08_12:15:00 0.46 30.82 71.0 4.64 189.77 969.06 69.41 0.0 69.41
2023-09-08_12:30:00 0.42 30.77 71.74 5.41 185.28 969.06 69.41 0.0 69.41
2023-09-08_12:45:00 0.49 30.48 73.58 5.91 186.89 923.45 62.08 0.0 62.08
2023-09-08_13:00:00 0.51 30.36 74.28 5.41 189.5 923.45 62.08 0.0 62.08
2023-09-08_13:15:00 0.44 30.18 75.05 4.95 187.58 712.1 53.85 0.0 53.85
2023-09-08_13:30:00 0.44 30.15 75.51 5.29 185.9 712.1 53.85 0.0 53.85
2023-09-08_13:45:00 0.4 29.96 76.84 5.48 187.69 697.02 50.64 0.0 50.64
2023-09-08_14:00:00 0.46 29.72 78.44 5.19 192.27 697.02 50.64 0.0 50.64
2023-09-08_14:15:00 0.43 29.33 80.22 4.39 188.62 536.91 58.53 0.0 58.53
2023-09-08_14:30:00 0.37 29.33 80.15 4.69 185.12 536.91 58.53 0.0 58.53
2023-09-08_14:45:00 0.29 29.38 80.26 5.3 187.35 549.2 48.43 0.0 48.43
2023-09-08_15:00:00 0.42 29.34 80.79 5.45 196.9 549.2 48.43 0.0 48.43
2023-09-08_15:15:00 0.43 28.86 81.99 5.03 212.44 394.87 52.94 0.0 52.94
2023-09-08_15:30:00 0.48 28.52 80.81 4.32 235.32 394.87 52.94 0.0 52.94
2023-09-08_15:45:00 0.5 28.32 79.94 3.14 242.54 246.42 39.62 0.0 39.62
2023-09-08_16:00:00 0.51 28.42 78.47 2.84 237.81 246.42 39.62 0.0 39.62
2023-09-08_16:15:00 0.5 28.62 77.9 2.64 222.18 270.01 67.41 0.0 67.41
2023-09-08_16:30:00 0.43 28.69 78.62 3.15 208.55 270.01 67.41 0.0 67.41
2023-09-08_16:45:00 0.34 28.54 80.48 3.63 195.18 185.21 39.09 0.0 39.09
2023-09-08_17:00:00 0.35 28.41 82.18 4.12 194.39 185.21 39.09 0.0 39.09
2023-09-08_17:15:00 0.42 28.05 84.33 3.37 198.71 88.85 28.17 0.0 28.17
2023-09-08_17:30:00 0.52 27.96 85.28 3.22 209.74 88.85 28.17 0.0 28.17
2023-09-08_17:45:00 0.37 27.34 87.97 3.29 207.11 1.83 1.64 0.0 1.64
2023-09-08_18:00:00 0.3 27.19 88.89 4.03 207.4 1.83 1.64 0.0 1.64
2023-09-08_18:15:00 0.32 26.98 89.91 3.61 205.31 0.0 0.0 0.0 0.0
2023-09-08_18:30:00 0.25 26.84 90.49 2.96 210.37 0.0 0.0 0.0 0.0
2023-09-08_18:45:00 0.23 26.73 90.95 3.08 201.89 0.0 0.0 0.0 0.0
2023-09-08_19:00:00 0.23 26.73 91.11 3.73 204.41 0.0 0.0 0.0 0.0
2023-09-08_19:15:00 0.18 26.7 91.15 4.1 209.82 0.0 0.0 0.0 0.0
2023-09-08_19:30:00 0.13 26.64 91.36 4.14 215.74 0.0 0.0 0.0 0.0
2023-09-08_19:45:00 0.1 26.64 91.25 4.35 217.08 0.0 0.0 0.0 0.0
2023-09-08_20:00:00 0.05 26.59 91.45 3.91 214.73 0.0 0.0 0.0 0.0
2023-09-08_20:15:00 0.04 26.56 91.55 3.85 214.59 0.0 0.0 0.0 0.0
2023-09-08_20:30:00 0.04 26.57 91.45 4.24 212.54 0.0 0.0 0.0 0.0
2023-09-08_20:45:00 0.04 26.59 91.5 4.42 209.07 0.0 0.0 0.0 0.0
2023-09-08_21:00:00 0.04 26.57 91.71 4.64 211.3 0.0 0.0 0.0 0.0
2023-09-08_21:15:00 0.03 26.53 91.75 4.6 213.26 0.0 0.0 0.0 0.0
2023-09-08_21:30:00 0.02 26.49 91.8 4.51 210.17 0.0 0.0 0.0 0.0
2023-09-08_21:45:00 0.06 26.46 91.84 4.75 209.04 0.0 0.0 0.0 0.0
2023-09-08_22:00:00 0.04 26.42 91.82 4.64 212.34 0.0 0.0 0.0 0.0
2023-09-08_22:15:00 0.02 26.45 91.45 4.67 214.41 0.0 0.0 0.0 0.0
2023-09-08_22:30:00 0.01 26.39 91.64 4.3 210.79 0.0 0.0 0.0 0.0
2023-09-08_22:45:00 0.01 26.27 92.23 4.21 204.5 0.0 0.0 0.0 0.0
2023-09-08_23:00:00 0.01 26.26 92.47 4.43 210.57 0.0 0.0 0.0 0.0
2023-09-08_23:15:00 0.0 26.26 92.39 4.52 214.83 0.0 0.0 0.0 0.0
2023-09-08_23:30:00 0.0 26.22 92.74 4.46 212.61 0.0 0.0 0.0 0.0
2023-09-08_23:45:00 0.0 26.31 92.4 4.45 210.7 0.0 0.0 0.0 0.0
2023-09-09_00:00:00 0.0 26.27 92.67 4.19 204.57 0.0 0.0 0.0 0.0
2023-09-09_00:15:00 0.01 26.23 92.87 4.33 205.31 0.0 0.0 0.0 0.0
2023-09-09_00:30:00 0.02 26.12 92.89 4.44 216.98 0.0 0.0 0.0 0.0
2023-09-09_00:45:00 0.13 26.08 92.25 4.61 221.91 0.0 0.0 0.0 0.0
2023-09-09_01:00:00 0.22 26.03 92.37 4.79 225.06 0.0 0.0 0.0 0.0
2023-09-09_01:15:00 0.28 26.04 92.73 4.27 222.13 0.0 0.0 0.0 0.0
2023-09-09_01:30:00 0.44 25.96 93.79 4.09 215.26 0.0 0.0 0.0 0.0
2023-09-09_01:45:00 0.43 25.86 94.91 3.95 213.83 0.0 0.0 0.0 0.0
2023-09-09_02:00:00 0.45 25.76 95.12 4.37 224.62 0.0 0.0 0.0 0.0
2023-09-09_02:15:00 0.38 25.65 93.81 4.72 239.49 0.0 0.0 0.0 0.0
2023-09-09_02:30:00 0.38 25.57 92.0 4.22 250.25 0.0 0.0 0.0 0.0
2023-09-09_02:45:00 0.25 25.56 90.72 3.9 253.36 0.0 0.0 0.0 0.0
2023-09-09_03:00:00 0.19 25.56 89.57 3.87 247.2 0.0 0.0 0.0 0.0
2023-09-09_03:15:00 0.04 25.3 89.98 3.64 242.19 0.0 0.0 0.0 0.0
2023-09-09_03:30:00 0.0 25.21 90.1 3.52 241.47 0.0 0.0 0.0 0.0
2023-09-09_03:45:00 0.0 25.03 90.41 3.24 243.5 0.0 0.0 0.0 0.0
2023-09-09_04:00:00 0.0 25.01 89.98 3.34 241.05 0.0 0.0 0.0 0.0
2023-09-09_04:15:00 0.02 25.0 89.46 3.57 240.02 0.0 0.0 0.0 0.0
2023-09-09_04:30:00 0.03 25.01 88.89 3.78 235.43 0.0 0.0 0.0 0.0
2023-09-09_04:45:00 0.04 25.01 88.49 3.9 236.32 0.0 0.0 0.0 0.0
2023-09-09_05:00:00 0.05 25.06 87.97 3.96 240.99 0.0 0.0 0.0 0.0
2023-09-09_05:15:00 0.07 25.11 87.38 3.85 246.1 0.0 0.0 0.0 0.0
2023-09-09_05:30:00 0.05 25.15 86.75 3.47 251.61 0.0 0.0 0.0 0.0
2023-09-09_05:45:00 0.06 25.38 85.41 3.22 253.17 11.05 147.19 140.17 7.02
2023-09-09_06:00:00 0.08 25.46 84.67 3.18 250.3 11.05 144.41 137.39 7.02
2023-09-09_06:15:00 0.1 26.45 80.62 3.48 243.29 111.96 514.29 486.88 27.41
2023-09-09_06:30:00 0.15 26.51 81.16 3.77 224.19 111.96 500.14 472.72 27.41
2023-09-09_06:45:00 0.11 26.95 80.62 4.44 213.99 227.02 580.38 531.89 48.49
2023-09-09_07:00:00 0.08 26.93 81.76 5.2 214.93 227.02 559.44 510.95 48.49
2023-09-09_07:15:00 0.06 27.2 81.75 5.79 214.45 356.18 625.81 566.28 59.53
2023-09-09_07:30:00 0.05 27.27 81.98 5.87 216.9 356.18 596.77 537.24 59.53
2023-09-09_07:45:00 0.05 27.64 80.52 5.82 222.79 483.36 625.96 577.48 48.48
2023-09-09_08:00:00 0.03 27.89 79.23 5.77 223.62 483.36 587.98 539.5 48.48
2023-09-09_08:15:00 0.01 28.27 77.56 5.49 224.44 600.43 574.46 522.42 52.04
2023-09-09_08:30:00 0.01 28.48 76.59 5.71 225.53 600.43 530.33 478.3 52.04
2023-09-09_08:45:00 0.01 28.87 74.98 6.16 228.64 707.0 500.42 445.6 54.83
2023-09-09_09:00:00 0.03 29.18 73.51 6.31 228.55 707.0 451.22 396.39 54.83
2023-09-09_09:15:00 0.05 29.57 71.94 6.14 226.85 800.4 409.92 352.88 57.04
2023-09-09_09:30:00 0.04 29.78 71.12 6.21 224.8 800.4 356.77 299.73 57.04
2023-09-09_09:45:00 0.05 30.08 70.07 6.2 227.03 879.63 308.05 249.28 58.77
2023-09-09_10:00:00 0.05 30.31 69.07 6.19 229.12 879.63 252.17 193.4 58.77
2023-09-09_10:15:00 0.07 30.6 67.93 6.06 229.97 942.39 198.57 138.52 60.05
2023-09-09_10:30:00 0.11 30.82 66.99 6.11 231.27 942.39 141.89 81.84 60.05
2023-09-09_10:45:00 0.18 31.04 66.18 6.48 228.35 987.87 88.98 28.04 60.94
2023-09-09_11:00:00 0.17 31.14 65.85 6.66 226.82 987.87 60.94 0.0 60.94
2023-09-09_11:15:00 0.22 31.22 65.75 6.52 222.95 1015.41 61.45 0.0 61.45
2023-09-09_11:30:00 0.26 31.24 65.94 6.59 220.42 1015.41 61.45 0.0 61.45
2023-09-09_11:45:00 0.24 31.26 66.24 7.06 219.77 1023.3 61.6 0.0 61.6
2023-09-09_12:00:00 0.26 31.21 67.0 7.65 216.02 1023.3 61.6 0.0 61.6
2023-09-09_12:15:00 0.35 31.04 68.22 7.74 214.15 989.99 70.29 0.0 70.29
2023-09-09_12:30:00 0.31 30.95 68.85 7.79 213.8 989.99 70.29 0.0 70.29
2023-09-09_12:45:00 0.26 30.91 69.08 7.87 212.61 979.82 60.76 0.0 60.76
2023-09-09_13:00:00 0.18 30.86 69.34 7.95 211.77 979.82 60.76 0.0 60.76
2023-09-09_13:15:00 0.13 30.75 70.1 8.14 210.57 932.3 59.77 0.0 59.77
2023-09-09_13:30:00 0.13 30.62 71.16 8.61 210.63 932.3 59.77 0.0 59.77
2023-09-09_13:45:00 0.09 30.33 72.75 8.68 209.93 851.1 62.28 0.0 62.28
2023-09-09_14:00:00 0.05 30.13 73.91 8.85 210.9 851.1 62.28 0.0 62.28
2023-09-09_14:15:00 0.01 29.92 75.08 8.85 210.58 783.51 56.56 0.0 56.56
2023-09-09_14:30:00 0.01 29.79 75.75 8.71 209.67 783.51 56.56 0.0 56.56
2023-09-09_14:45:00 0.0 29.61 76.27 8.63 210.0 685.64 54.26 0.0 54.26
2023-09-09_15:00:00 0.0 29.55 76.24 8.8 211.25 685.64 54.26 0.0 54.26
2023-09-09_15:15:00 0.0 29.33 76.64 9.12 213.84 576.15 51.58 0.0 51.58
2023-09-09_15:30:00 0.0 29.26 76.41 9.01 214.18 576.15 51.58 0.0 51.58
2023-09-09_15:45:00 0.0 29.01 76.66 8.63 214.55 460.89 47.64 0.0 47.64
2023-09-09_16:00:00 0.0 29.02 76.39 8.2 213.17 460.89 47.64 0.0 47.64
2023-09-09_16:15:00 0.04 28.79 77.4 7.63 216.21 336.56 46.2 0.0 46.2
2023-09-09_16:30:00 0.08 28.67 78.57 6.88 214.21 336.56 46.2 0.0 46.2
2023-09-09_16:45:00 0.06 28.12 81.78 6.7 212.58 192.07 39.88 0.0 39.88
2023-09-09_17:00:00 0.14 27.88 84.04 6.82 220.76 192.07 39.88 0.0 39.88
2023-09-09_17:15:00 0.22 27.41 86.5 5.95 222.4 63.62 25.53 0.0 25.53
2023-09-09_17:30:00 0.19 27.24 87.19 6.13 219.63 63.62 25.53 0.0 25.53
2023-09-09_17:45:00 0.17 27.0 87.72 6.51 218.93 0.53 0.52 0.0 0.52
2023-09-09_18:00:00 0.18 26.9 87.88 6.96 216.81 0.53 0.52 0.0 0.52
2023-09-09_18:15:00 0.21 26.79 88.21 7.36 215.96 0.0 0.0 0.0 0.0
2023-09-09_18:30:00 0.27 26.75 88.4 7.41 214.4 0.0 0.0 0.0 0.0
2023-09-09_18:45:00 0.28 26.69 88.96 7.29 213.99 0.0 0.0 0.0 0.0
2023-09-09_19:00:00 0.32 26.66 89.39 7.27 214.27 0.0 0.0 0.0 0.0
2023-09-09_19:15:00 0.38 26.66 89.5 7.09 214.8 0.0 0.0 0.0 0.0
2023-09-09_19:30:00 0.29 26.69 89.44 6.88 218.52 0.0 0.0 0.0 0.0
2023-09-09_19:45:00 0.25 26.74 89.16 6.41 223.92 0.0 0.0 0.0 0.0
2023-09-09_20:00:00 0.22 26.72 88.78 6.26 225.04 0.0 0.0 0.0 0.0
2023-09-09_20:15:00 0.18 26.65 88.76 6.1 225.89 0.0 0.0 0.0 0.0
2023-09-09_20:30:00 0.2 26.62 88.95 6.18 225.98 0.0 0.0 0.0 0.0
2023-09-09_20:45:00 0.32 26.61 89.04 6.36 226.48 0.0 0.0 0.0 0.0
2023-09-09_21:00:00 0.37 26.62 88.71 6.44 229.85 0.0 0.0 0.0 0.0
2023-09-09_21:15:00 0.31 26.56 87.39 6.32 238.47 0.0 0.0 0.0 0.0
2023-09-09_21:30:00 0.13 26.47 84.93 6.28 246.17 0.0 0.0 0.0 0.0
2023-09-09_21:45:00 0.09 26.3 83.32 5.97 247.2 0.0 0.0 0.0 0.0
2023-09-09_22:00:00 0.12 26.21 82.32 5.41 245.58 0.0 0.0 0.0 0.0
2023-09-09_22:15:00 0.12 26.05 82.59 4.88 242.04 0.0 0.0 0.0 0.0
2023-09-09_22:30:00 0.09 25.94 82.84 5.0 236.92 0.0 0.0 0.0 0.0
2023-09-09_22:45:00 0.06 25.78 83.46 5.32 237.89 0.0 0.0 0.0 0.0
2023-09-09_23:00:00 0.04 25.57 84.59 5.45 238.32 0.0 0.0 0.0 0.0
2023-09-09_23:15:00 0.03 25.38 85.53 5.79 240.73 0.0 0.0 0.0 0.0
2023-09-09_23:30:00 0.03 25.29 85.77 5.92 240.34 0.0 0.0 0.0 0.0
2023-09-09_23:45:00 0.03 25.21 85.52 5.64 240.35 0.0 0.0 0.0 0.0
2023-09-10_00:00:00 0.02 25.26 84.21 5.92 239.84 0.0 0.0 0.0 0.0
2023-09-10_00:15:00 0.01 25.31 82.64 6.23 243.23 0.0 0.0 0.0 0.0
2023-09-10_00:30:00 0.01 25.34 81.64 6.53 243.25 0.0 0.0 0.0 0.0
2023-09-10_00:45:00 0.11 25.28 81.92 6.07 245.2 0.0 0.0 0.0 0.0
2023-09-10_01:00:00 0.29 25.23 82.14 5.51 243.85 0.0 0.0 0.0 0.0
2023-09-10_01:15:00 0.35 25.18 82.58 5.54 241.48 0.0 0.0 0.0 0.0
2023-09-10_01:30:00 0.19 25.14 83.25 5.78 235.05 0.0 0.0 0.0 0.0
2023-09-10_01:45:00 0.08 25.13 83.72 6.21 232.69 0.0 0.0 0.0 0.0
2023-09-10_02:00:00 0.07 25.18 83.6 6.25 235.2 0.0 0.0 0.0 0.0
2023-09-10_02:15:00 0.11 25.27 82.96 6.38 234.24 0.0 0.0 0.0 0.0
2023-09-10_02:30:00 0.13 25.34 82.66 6.52 233.06 0.0 0.0 0.0 0.0
2023-09-10_02:45:00 0.17 25.36 83.11 6.65 234.19 0.0 0.0 0.0 0.0
2023-09-10_03:00:00 0.12 25.31 84.17 6.95 235.52 0.0 0.0 0.0 0.0
2023-09-10_03:15:00 0.12 25.27 85.18 6.96 234.87 0.0 0.0 0.0 0.0
2023-09-10_03:30:00 0.12 25.17 86.43 6.97 235.87 0.0 0.0 0.0 0.0
2023-09-10_03:45:00 0.15 25.1 87.18 6.85 240.18 0.0 0.0 0.0 0.0
2023-09-10_04:00:00 0.16 25.04 87.39 6.68 243.53 0.0 0.0 0.0 0.0
2023-09-10_04:15:00 0.22 24.94 87.58 6.36 247.22 0.0 0.0 0.0 0.0
2023-09-10_04:30:00 0.28 24.97 86.66 6.23 249.69 0.0 0.0 0.0 0.0
2023-09-10_04:45:00 0.36 25.03 85.48 6.42 248.53 0.0 0.0 0.0 0.0
2023-09-10_05:00:00 0.51 25.04 84.94 6.19 246.71 0.0 0.0 0.0 0.0
2023-09-10_05:15:00 0.61 25.05 84.28 6.06 246.36 0.0 0.0 0.0 0.0
2023-09-10_05:30:00 0.61 25.13 82.97 6.12 248.2 0.0 0.0 0.0 0.0
2023-09-10_05:45:00 0.68 25.27 82.06 5.91 246.85 11.18 145.81 138.66 7.14
2023-09-10_06:00:00 0.72 25.3 81.73 5.54 242.52 11.18 143.03 135.89 7.14
2023-09-10_06:15:00 0.67 26.07 78.74 5.77 242.11 106.34 410.53 368.7 41.83
2023-09-10_06:30:00 0.63 26.21 77.96 5.79 241.86 106.34 399.73 357.91 41.83
2023-09-10_06:45:00 0.7 26.83 75.54 6.45 240.03 235.29 624.25 586.55 37.7
2023-09-10_07:00:00 0.79 27.07 74.52 6.48 238.5 235.29 601.02 563.32 37.7
