time clf t2 rh ws wd ghi poa_global poa_direct poa_diffuse
2023-08-13_07:00:00 0.21 27.33 72.1 3.38 239.76 0.0 0.0 0.0 0.0
2023-08-13_07:15:00 0.22 28.22 69.49 3.67 240.28 350.28 682.38 639.38 43.0
2023-08-13_07:30:00 0.26 28.49 68.53 3.78 236.94 350.28 653.86 610.86 43.0
2023-08-13_07:45:00 0.3 28.95 67.05 4.01 234.49 470.55 668.42 620.83 47.59
2023-08-13_08:00:00 0.26 29.16 66.3 4.23 235.64 470.55 633.12 585.53 47.59
2023-08-13_08:15:00 0.28 29.54 65.09 4.36 230.37 584.75 624.0 572.87 51.13
2023-08-13_08:30:00 0.26 29.69 64.71 4.78 227.95 584.75 582.73 531.6 51.13
2023-08-13_08:45:00 0.26 30.02 63.83 5.04 226.99 689.71 557.41 503.51 53.9
2023-08-13_09:00:00 0.26 30.17 63.56 5.27 225.37 689.71 511.1 457.2 53.9
2023-08-13_09:15:00 0.23 30.45 62.84 5.73 225.48 783.02 474.37 418.24 56.13
2023-08-13_09:30:00 0.23 30.6 62.51 6.17 226.38 783.02 424.02 367.89 56.13
2023-08-13_09:45:00 0.2 30.84 61.94 6.62 224.38 862.93 379.29 321.41 57.88
2023-08-13_10:00:00 0.16 30.95 61.84 7.07 225.18 862.93 326.02 268.14 57.88
2023-08-13_10:15:00 0.22 31.12 61.51 7.34 226.05 927.42 275.8 216.57 59.23
2023-08-13_10:30:00 0.21 31.17 61.49 7.67 226.48 927.42 220.96 161.73 59.23
2023-08-13_10:45:00 0.25 31.24 61.47 7.68 225.32 941.39 166.73 103.7 63.03
2023-08-13_11:00:00 0.21 31.23 61.76 7.85 224.85 941.39 116.56 53.53 63.03
2023-08-13_11:15:00 0.21 31.18 62.24 7.96 224.92 937.78 77.63 0.0 77.63
2023-08-13_11:30:00 0.23 31.21 62.3 8.13 226.2 937.78 77.63 0.0 77.63
2023-08-13_11:45:00 0.22 31.25 62.2 8.3 226.12 873.77 118.42 0.0 118.42
2023-08-13_12:00:00 0.12 31.29 61.96 8.53 226.24 873.77 118.42 0.0 118.42
2023-08-13_12:15:00 0.06 31.39 61.32 8.77 226.81 972.72 73.51 0.0 73.51
2023-08-13_12:30:00 0.1 31.47 60.92 8.69 229.31 972.72 73.51 0.0 73.51
2023-08-13_12:45:00 0.17 31.57 60.74 8.32 231.33 986.86 60.36 0.0 60.36
2023-08-13_13:00:00 0.29 31.7 60.36 7.78 233.02 986.86 60.36 0.0 60.36
2023-08-13_13:15:00 0.28 31.69 60.41 7.66 229.93 914.13 70.68 0.0 70.68
2023-08-13_13:30:00 0.14 31.65 60.78 7.87 226.86 914.13 70.68 0.0 70.68
2023-08-13_13:45:00 0.06 31.48 61.86 7.89 223.67 852.55 64.69 0.0 64.69
2023-08-13_14:00:00 0.09 31.42 62.7 7.9 221.84 852.55 64.69 0.0 64.69
2023-08-13_14:15:00 0.13 31.18 64.19 7.91 219.83 765.87 66.98 0.0 66.98
2023-08-13_14:30:00 0.18 30.98 65.56 8.01 217.11 765.87 66.98 0.0 66.98
2023-08-13_14:45:00 0.12 30.6 67.54 8.08 213.77 707.66 54.14 0.0 54.14
2023-08-13_15:00:00 0.05 30.4 68.83 8.03 213.46 707.66 54.14 0.0 54.14
2023-08-13_15:15:00 0.04 30.13 70.05 8.1 214.12 549.36 52.48 0.0 52.48
2023-08-13_15:30:00 0.04 30.05 70.7 8.14 214.52 549.36 52.48 0.0 52.48
2023-08-13_15:45:00 0.05 29.8 72.21 8.37 214.95 487.98 48.25 0.0 48.25
2023-08-13_16:00:00 0.05 29.58 73.56 8.54 214.6 487.98 48.25 0.0 48.25
2023-08-13_16:15:00 0.03 29.26 75.07 8.53 214.33 377.67 43.99 0.0 43.99
2023-08-13_16:30:00 0.04 29.19 75.75 8.96 215.46 377.67 43.99 0.0 43.99
2023-08-13_16:45:00 0.04 28.8 77.78 9.15 216.92 251.33 38.53 0.0 38.53
2023-08-13_17:00:00 0.04 28.68 78.5 8.87 217.59 251.33 38.53 0.0 38.53
2023-08-13_17:15:00 0.03 28.3 79.84 8.45 218.31 145.13 30.58 0.0 30.58
2023-08-13_17:30:00 0.03 28.2 80.22 8.02 223.87 145.13 30.58 0.0 30.58
2023-08-13_17:45:00 0.1 27.78 81.96 6.78 222.86 37.98 15.66 0.0 15.66
2023-08-13_18:00:00 0.25 27.69 82.56 6.81 225.09 37.98 15.66 0.0 15.66
2023-08-13_18:15:00 0.32 27.43 83.78 6.92 224.48 0.0 0.0 0.0 0.0
2023-08-13_18:30:00 0.26 27.29 84.75 7.21 222.66 0.0 0.0 0.0 0.0
2023-08-13_18:45:00 0.27 27.17 85.75 7.14 225.2 0.0 0.0 0.0 0.0
2023-08-13_19:00:00 0.33 27.11 86.27 7.02 228.29 0.0 0.0 0.0 0.0
2023-08-13_19:15:00 0.38 27.11 86.14 6.81 229.09 0.0 0.0 0.0 0.0
2023-08-13_19:30:00 0.44 27.1 86.26 6.73 227.55 0.0 0.0 0.0 0.0
2023-08-13_19:45:00 0.41 27.04 86.74 6.82 226.56 0.0 0.0 0.0 0.0
2023-08-13_20:00:00 0.42 26.97 87.4 6.82 227.65 0.0 0.0 0.0 0.0
2023-08-13_20:15:00 0.32 26.91 87.86 6.6 228.05 0.0 0.0 0.0 0.0
2023-08-13_20:30:00 0.26 26.87 88.12 6.39 228.64 0.0 0.0 0.0 0.0
2023-08-13_20:45:00 0.31 26.88 88.01 6.59 230.19 0.0 0.0 0.0 0.0
2023-08-13_21:00:00 0.29 26.88 87.9 6.66 229.63 0.0 0.0 0.0 0.0
2023-08-13_21:15:00 0.18 26.87 87.94 6.41 231.33 0.0 0.0 0.0 0.0
2023-08-13_21:30:00 0.17 26.82 88.25 5.8 231.82 0.0 0.0 0.0 0.0
2023-08-13_21:45:00 0.27 26.76 88.61 5.79 228.91 0.0 0.0 0.0 0.0
2023-08-13_22:00:00 0.22 26.77 88.57 6.35 230.39 0.0 0.0 0.0 0.0
2023-08-13_22:15:00 0.23 26.77 88.54 6.43 230.79 0.0 0.0 0.0 0.0
2023-08-13_22:30:00 0.39 26.75 88.82 6.4 230.82 0.0 0.0 0.0 0.0
2023-08-13_22:45:00 0.47 26.74 89.16 6.37 232.72 0.0 0.0 0.0 0.0
2023-08-13_23:00:00 0.45 26.67 89.46 5.96 233.38 0.0 0.0 0.0 0.0
2023-08-13_23:15:00 0.38 26.59 89.36 5.64 234.48 0.0 0.0 0.0 0.0
2023-08-13_23:30:00 0.39 26.56 88.81 5.46 234.78 0.0 0.0 0.0 0.0
2023-08-13_23:45:00 0.39 26.45 89.02 5.28 235.92 0.0 0.0 0.0 0.0
2023-08-14_00:00:00 0.31 26.35 89.52 5.03 235.28 0.0 0.0 0.0 0.0
2023-08-14_00:15:00 0.23 26.24 90.13 4.96 234.13 0.0 0.0 0.0 0.0
2023-08-14_00:30:00 0.18 26.17 90.47 4.94 233.82 0.0 0.0 0.0 0.0
2023-08-14_00:45:00 0.17 26.13 90.6 4.98 233.23 0.0 0.0 0.0 0.0
2023-08-14_01:00:00 0.17 26.13 90.38 5.14 233.02 0.0 0.0 0.0 0.0
2023-08-14_01:15:00 0.12 26.16 89.79 5.16 235.67 0.0 0.0 0.0 0.0
2023-08-14_01:30:00 0.25 26.18 89.3 5.48 233.3 0.0 0.0 0.0 0.0
2023-08-14_01:45:00 0.43 26.23 88.98 5.82 233.11 0.0 0.0 0.0 0.0
2023-08-14_02:00:00 0.5 26.24 88.44 5.75 238.23 0.0 0.0 0.0 0.0
2023-08-14_02:15:00 0.47 26.19 88.03 5.68 241.5 0.0 0.0 0.0 0.0
2023-08-14_02:30:00 0.46 26.28 86.54 5.79 246.39 0.0 0.0 0.0 0.0
2023-08-14_02:45:00 0.36 26.3 85.47 5.74 248.58 0.0 0.0 0.0 0.0
2023-08-14_03:00:00 0.39 26.31 85.01 5.74 241.93 0.0 0.0 0.0 0.0
2023-08-14_03:15:00 0.39 26.31 84.8 5.85 237.14 0.0 0.0 0.0 0.0
2023-08-14_03:30:00 0.39 26.22 85.02 5.92 235.91 0.0 0.0 0.0 0.0
2023-08-14_03:45:00 0.33 26.12 85.15 6.23 238.27 0.0 0.0 0.0 0.0
2023-08-14_04:00:00 0.37 26.11 84.71 6.59 240.74 0.0 0.0 0.0 0.0
2023-08-14_04:15:00 0.33 26.05 84.59 6.64 243.04 0.0 0.0 0.0 0.0
2023-08-14_04:30:00 0.32 26.03 84.49 6.69 243.12 0.0 0.0 0.0 0.0
2023-08-14_04:45:00 0.28 26.03 84.17 6.6 245.1 0.0 0.0 0.0 0.0
2023-08-14_05:00:00 0.24 26.01 83.99 6.19 245.8 0.0 0.0 0.0 0.0
2023-08-14_05:15:00 0.22 25.97 83.97 5.9 245.44 0.0 0.0 0.0 0.0
2023-08-14_05:30:00 0.24 25.99 83.83 5.85 243.09 0.0 0.0 0.0 0.0
2023-08-14_05:45:00 0.26 26.14 83.1 6.07 243.02 11.7 158.16 150.86 7.3
2023-08-14_06:00:00 0.27 26.12 83.14 5.81 242.82 11.7 155.65 148.35 7.3
2023-08-14_06:15:00 0.27 26.82 80.25 5.75 242.21 108.64 526.29 499.4 26.89
2023-08-14_06:30:00 0.31 26.96 79.62 5.62 240.51 108.64 513.77 486.87 26.89
2023-08-14_06:45:00 0.34 27.55 77.02 6.35 243.24 226.49 645.09 608.44 36.66
2023-08-14_07:00:00 0.32 27.81 75.74 6.41 245.53 226.49 624.21 587.56 36.66
2023-08-14_07:15:00 0.35 28.45 72.7 6.63 247.47 348.33 677.28 634.29 42.98
2023-08-14_07:30:00 0.35 28.78 70.82 6.59 246.57 348.33 648.88 605.89 42.98
2023-08-14_07:45:00 0.28 29.3 68.3 6.47 248.29 468.25 663.63 616.04 47.59
2023-08-14_08:00:00 0.3 29.57 66.78 6.42 247.53 468.25 628.45 580.86 47.59
2023-08-14_08:15:00 0.38 30.0 64.77 6.43 248.11 582.53 619.93 568.81 51.12
2023-08-14_08:30:00 0.41 30.28 63.24 6.43 251.37 582.53 578.77 527.64 51.12
2023-08-14_08:45:00 0.45 30.7 61.5 6.31 252.16 687.91 554.09 500.17 53.92
2023-08-14_09:00:00 0.43 30.95 60.45 6.06 252.41 687.91 507.85 453.93 53.92
2023-08-14_09:15:00 0.37 31.25 59.45 5.84 249.56 781.32 471.32 415.16 56.15
2023-08-14_09:30:00 0.4 31.43 58.92 5.7 247.58 781.32 421.03 364.88 56.15
2023-08-14_09:45:00 0.38 31.67 58.2 5.57 246.91 860.8 376.23 318.32 57.91
2023-08-14_10:00:00 0.36 31.82 57.84 5.57 242.02 860.8 323.04 265.13 57.91
2023-08-14_10:15:00 0.27 31.98 57.65 5.48 238.4 925.25 272.91 213.67 59.24
2023-08-14_10:30:00 0.21 32.09 57.63 5.47 239.12 925.25 218.16 158.91 59.24
2023-08-14_10:45:00 0.14 32.26 57.23 5.51 240.17 958.79 166.03 103.4 62.63
2023-08-14_11:00:00 0.14 32.44 56.77 5.47 238.87 958.79 114.96 52.32 62.63
2023-08-14_11:15:00 0.18 32.59 56.28 5.39 235.16 974.22 60.46 0.0 60.46
2023-08-14_11:30:00 0.23 32.71 55.95 5.4 230.28 974.22 60.46 0.0 60.46
2023-08-14_11:45:00 0.28 32.82 55.9 5.68 224.75 1013.78 60.32 0.0 60.32
2023-08-14_12:00:00 0.28 32.76 56.8 6.51 218.55 1013.78 60.32 0.0 60.32
2023-08-14_12:15:00 0.19 32.26 59.2 7.52 213.71 814.52 65.53 0.0 65.53
2023-08-14_12:30:00 0.34 31.96 61.18 7.79 214.35 814.52 65.53 0.0 65.53
2023-08-14_12:45:00 0.32 31.63 62.97 7.94 213.89 759.63 60.98 0.0 60.98
2023-08-14_13:00:00 0.25 31.52 63.75 7.97 213.66 759.63 60.98 0.0 60.98
2023-08-14_13:15:00 0.12 31.48 64.1 7.93 213.53 698.82 51.03 0.0 51.03
2023-08-14_13:30:00 0.13 31.46 64.49 7.61 215.8 698.82 51.03 0.0 51.03
2023-08-14_13:45:00 0.13 31.37 65.02 7.15 218.59 690.21 55.07 0.0 55.07
2023-08-14_14:00:00 0.19 31.15 66.46 6.75 219.59 690.21 55.07 0.0 55.07
2023-08-14_14:15:00 0.17 30.71 68.58 6.17 222.24 586.96 51.53 0.0 51.53
2023-08-14_14:30:00 0.2 30.72 68.69 5.99 221.58 586.96 51.53 0.0 51.53
2023-08-14_14:45:00 0.15 30.45 69.93 5.82 216.09 467.86 43.2 0.0 43.2
2023-08-14_15:00:00 0.11 30.23 71.09 5.92 210.61 467.86 43.2 0.0 43.2
2023-08-14_15:15:00 0.18 29.78 73.61 6.4 208.06 387.25 46.77 0.0 46.77
2023-08-14_15:30:00 0.15 29.35 76.03 7.04 207.48 387.25 46.77 0.0 46.77
2023-08-14_15:45:00 0.38 28.83 78.68 6.73 207.24 257.32 36.82 0.0 36.82
2023-08-14_16:00:00 0.35 28.61 79.96 6.38 208.99 257.32 36.82 0.0 36.82
2023-08-14_16:15:00 0.35 28.06 82.53 5.01 214.65 114.16 77.41 0.0 77.41
2023-08-14_16:30:00 0.39 27.86 83.84 4.39 214.23 114.16 77.41 0.0 77.41
2023-08-14_16:45:00 0.45 27.74 84.86 4.59 218.21 69.54 35.16 0.0 35.16
2023-08-14_17:00:00 0.46 27.9 83.93 5.53 215.65 69.54 35.16 0.0 35.16
2023-08-14_17:15:00 0.46 27.86 84.03 6.54 214.03 39.27 30.32 0.0 30.32
2023-08-14_17:30:00 0.41 27.78 84.49 7.46 215.44 39.27 30.32 0.0 30.32
2023-08-14_17:45:00 0.39 27.56 85.74 7.41 215.06 18.38 13.47 0.0 13.47
2023-08-14_18:00:00 0.44 27.46 86.64 7.46 219.24 18.38 13.47 0.0 13.47
2023-08-14_18:15:00 0.51 27.39 87.33 7.31 222.92 0.0 0.0 0.0 0.0
2023-08-14_18:30:00 0.49 27.4 87.5 7.35 226.59 0.0 0.0 0.0 0.0
2023-08-14_18:45:00 0.35 27.36 87.73 7.32 222.93 0.0 0.0 0.0 0.0
2023-08-14_19:00:00 0.3 27.28 87.9 7.4 224.38 0.0 0.0 0.0 0.0
2023-08-14_19:15:00 0.2 27.11 88.23 7.24 227.06 0.0 0.0 0.0 0.0
2023-08-14_19:30:00 0.22 27.02 88.5 7.05 228.3 0.0 0.0 0.0 0.0
2023-08-14_19:45:00 0.28 27.01 88.69 7.11 231.15 0.0 0.0 0.0 0.0
2023-08-14_20:00:00 0.43 27.03 88.57 6.65 236.11 0.0 0.0 0.0 0.0
2023-08-14_20:15:00 0.53 27.07 88.02 6.3 235.62 0.0 0.0 0.0 0.0
2023-08-14_20:30:00 0.41 27.05 87.77 6.35 234.35 0.0 0.0 0.0 0.0
2023-08-14_20:45:00 0.28 26.92 88.4 6.17 233.56 0.0 0.0 0.0 0.0
2023-08-14_21:00:00 0.14 26.85 88.57 5.81 233.02 0.0 0.0 0.0 0.0
2023-08-14_21:15:00 0.33 26.74 88.9 5.47 231.47 0.0 0.0 0.0 0.0
2023-08-14_21:30:00 0.4 26.64 89.2 5.41 234.43 0.0 0.0 0.0 0.0
2023-08-14_21:45:00 0.35 26.49 89.74 5.04 233.8 0.0 0.0 0.0 0.0
2023-08-14_22:00:00 0.35 26.42 89.69 4.98 235.8 0.0 0.0 0.0 0.0
2023-08-14_22:15:00 0.33 26.35 89.66 5.03 234.28 0.0 0.0 0.0 0.0
2023-08-14_22:30:00 0.28 26.3 89.31 5.59 235.39 0.0 0.0 0.0 0.0
2023-08-14_22:45:00 0.16 26.26 88.87 5.9 240.75 0.0 0.0 0.0 0.0
2023-08-14_23:00:00 0.14 26.26 88.52 5.61 242.07 0.0 0.0 0.0 0.0
2023-08-14_23:15:00 0.15 26.27 88.34 5.39 240.28 0.0 0.0 0.0 0.0
2023-08-14_23:30:00 0.1 26.22 88.48 5.07 241.02 0.0 0.0 0.0 0.0
2023-08-14_23:45:00 0.15 26.13 88.84 4.95 236.54 0.0 0.0 0.0 0.0
2023-08-15_00:00:00 0.24 26.11 88.8 5.12 237.09 0.0 0.0 0.0 0.0
2023-08-15_00:15:00 0.29 26.12 88.62 5.61 237.82 0.0 0.0 0.0 0.0
2023-08-15_00:30:00 0.24 26.09 88.78 5.76 237.81 0.0 0.0 0.0 0.0
2023-08-15_00:45:00 0.33 26.12 88.55 6.23 237.46 0.0 0.0 0.0 0.0
2023-08-15_01:00:00 0.29 26.12 88.39 6.25 239.26 0.0 0.0 0.0 0.0
2023-08-15_01:15:00 0.24 26.12 87.98 6.19 239.78 0.0 0.0 0.0 0.0
2023-08-15_01:30:00 0.25 26.12 87.23 5.75 241.77 0.0 0.0 0.0 0.0
2023-08-15_01:45:00 0.4 26.1 86.77 5.85 241.99 0.0 0.0 0.0 0.0
2023-08-15_02:00:00 0.37 26.07 86.69 6.01 243.4 0.0 0.0 0.0 0.0
2023-08-15_02:15:00 0.29 26.06 86.73 6.03 244.78 0.0 0.0 0.0 0.0
2023-08-15_02:30:00 0.22 26.04 86.36 5.61 246.69 0.0 0.0 0.0 0.0
2023-08-15_02:45:00 0.21 26.04 85.5 5.03 247.38 0.0 0.0 0.0 0.0
2023-08-15_03:00:00 0.26 26.07 84.51 4.82 242.89 0.0 0.0 0.0 0.0
2023-08-15_03:15:00 0.32 26.0 84.42 4.79 238.3 0.0 0.0 0.0 0.0
2023-08-15_03:30:00 0.46 25.93 84.99 5.24 235.79 0.0 0.0 0.0 0.0
2023-08-15_03:45:00 0.47 25.85 85.53 5.48 239.87 0.0 0.0 0.0 0.0
2023-08-15_04:00:00 0.41 25.83 85.19 5.27 246.37 0.0 0.0 0.0 0.0
2023-08-15_04:15:00 0.29 25.89 84.3 5.25 247.17 0.0 0.0 0.0 0.0
2023-08-15_04:30:00 0.26 25.89 84.2 5.34 242.44 0.0 0.0 0.0 0.0
2023-08-15_04:45:00 0.26 25.84 84.94 5.62 239.06 0.0 0.0 0.0 0.0
2023-08-15_05:00:00 0.22 25.71 86.29 5.92 237.66 0.0 0.0 0.0 0.0
2023-08-15_05:15:00 0.17 25.62 87.23 6.18 240.64 0.0 0.0 0.0 0.0
2023-08-15_05:30:00 0.14 25.56 87.74 5.93 244.65 0.0 0.0 0.0 0.0
2023-08-15_05:45:00 0.14 25.63 87.44 5.56 244.57 11.14 36.98 26.64 10.34
2023-08-15_06:00:00 0.18 25.64 87.36 5.56 242.01 11.14 36.53 26.2 10.34
2023-08-15_06:15:00 0.18 26.35 84.05 5.74 244.34 103.67 398.9 353.18 45.72
2023-08-15_06:30:00 0.16 26.54 82.98 5.53 246.34 103.67 390.01 344.28 45.72
2023-08-15_06:45:00 0.12 27.19 79.77 5.55 247.89 212.08 492.0 407.4 84.6
2023-08-15_07:00:00 0.05 27.51 78.0 5.27 247.42 212.08 477.96 393.36 84.6
2023-08-15_07:15:00 0.05 28.16 74.83 5.61 248.72 331.35 564.1 450.34 113.75
2023-08-15_07:30:00 0.05 28.59 72.47 5.68 251.15 331.35 543.85 430.1 113.75
2023-08-15_07:45:00 0.06 29.26 69.26 5.5 254.75 452.16 603.15 479.73 123.43
2023-08-15_08:00:00 0.05 29.6 67.48 5.15 257.38 452.16 575.64 452.22 123.43
2023-08-15_08:15:00 0.05 30.1 65.12 5.27 255.36 571.02 600.77 479.64 121.13
2023-08-15_08:30:00 0.06 30.43 63.4 5.34 249.71 571.02 565.9 444.77 121.13
2023-08-15_08:45:00 0.07 30.89 61.3 5.04 247.14 685.21 553.32 483.54 69.78
2023-08-15_09:00:00 0.06 31.19 59.9 4.79 245.05 685.21 508.37 438.59 69.78
2023-08-15_09:15:00 0.06 31.54 58.58 4.63 240.69 772.86 492.73 370.12 122.61
2023-08-15_09:30:00 0.05 31.73 58.02 4.8 233.08 772.86 447.61 325.0 122.61
2023-08-15_09:45:00 0.07 31.92 57.71 5.07 226.36 862.0 376.24 315.31 60.94
2023-08-15_10:00:00 0.08 32.01 57.77 5.42 225.19 862.0 323.11 262.18 60.94
2023-08-15_10:15:00 0.08 32.15 57.62 5.75 225.65 926.52 270.84 211.55 59.29
2023-08-15_10:30:00 0.07 32.13 58.2 5.82 224.8 926.52 215.96 156.67 59.29
2023-08-15_10:45:00 0.04 32.17 58.28 5.79 225.19 902.48 159.25 94.34 64.9
2023-08-15_11:00:00 0.03 32.34 57.64 5.96 224.96 902.48 111.62 46.72 64.9
2023-08-15_11:15:00 0.03 32.52 56.92 6.01 225.51 929.47 59.47 0.0 59.47
2023-08-15_11:30:00 0.03 32.69 56.21 6.25 224.73 929.47 59.47 0.0 59.47
2023-08-15_11:45:00 0.04 32.66 56.22 6.15 223.86 884.41 56.79 0.0 56.79
2023-08-15_12:00:00 0.03 32.64 56.54 6.09 223.27 884.41 56.79 0.0 56.79
2023-08-15_12:15:00 0.04 32.29 58.22 5.76 223.02 775.66 51.46 0.0 51.46
2023-08-15_12:30:00 0.1 32.28 58.39 5.26 223.46 775.66 51.46 0.0 51.46
2023-08-15_12:45:00 0.12 32.24 58.63 5.24 218.25 855.38 147.81 0.0 147.81
2023-08-15_13:00:00 0.05 32.23 59.0 5.57 214.73 855.38 147.81 0.0 147.81
2023-08-15_13:15:00 0.0 32.24 59.65 6.27 212.63 840.44 58.41 0.0 58.41
2023-08-15_13:30:00 0.0 32.02 61.38 6.88 213.49 840.44 58.41 0.0 58.41
2023-08-15_13:45:00 0.01 31.75 63.04 6.47 217.43 660.32 55.63 0.0 55.63
2023-08-15_14:00:00 0.15 31.36 65.47 5.74 217.13 660.32 55.63 0.0 55.63
2023-08-15_14:15:00 0.16 30.58 69.31 5.03 220.7 544.98 45.97 0.0 45.97
2023-08-15_14:30:00 0.26 30.46 69.97 4.76 218.86 544.98 45.97 0.0 45.97
2023-08-15_14:45:00 0.29 30.71 69.41 4.96 210.44 567.88 136.95 0.0 136.95
2023-08-15_15:00:00 0.25 30.81 69.66 6.07 204.25 567.88 136.95 0.0 136.95
2023-08-15_15:15:00 0.19 30.88 70.2 7.43 204.67 593.25 116.28 0.0 116.28
2023-08-15_15:30:00 0.12 30.71 71.21 8.1 209.7 593.25 116.28 0.0 116.28
2023-08-15_15:45:00 0.0 30.22 73.43 8.02 208.67 450.88 45.52 0.0 45.52
2023-08-15_16:00:00 0.01 30.0 74.79 8.04 211.27 450.88 45.52 0.0 45.52
2023-08-15_16:15:00 0.09 29.66 76.39 7.74 214.89 333.97 36.41 0.0 36.41
2023-08-15_16:30:00 0.01 29.44 77.48 7.27 215.46 333.97 36.41 0.0 36.41
2023-08-15_16:45:00 0.03 28.89 80.07 7.13 223.12 178.16 32.04 0.0 32.04
2023-08-15_17:00:00 0.02 28.77 80.75 7.59 222.24 178.16 32.04 0.0 32.04
2023-08-15_17:15:00 0.03 28.42 82.61 7.32 217.3 110.26 32.38 0.0 32.38
2023-08-15_17:30:00 0.18 28.11 84.78 7.32 218.64 110.26 32.38 0.0 32.38
2023-08-15_17:45:00 0.21 27.63 87.78 6.6 228.74 18.44 9.14 0.0 9.14
2023-08-15_18:00:00 0.27 27.54 88.76 5.99 227.89 18.44 9.14 0.0 9.14
2023-08-15_18:15:00 0.18 27.33 89.74 6.31 218.61 0.0 0.0 0.0 0.0
2023-08-15_18:30:00 0.08 27.27 90.28 6.57 219.27 0.0 0.0 0.0 0.0
2023-08-15_18:45:00 0.0 27.23 90.68 6.87 219.04 0.0 0.0 0.0 0.0
2023-08-15_19:00:00 0.03 27.23 90.42 6.73 220.62 0.0 0.0 0.0 0.0
2023-08-15_19:15:00 0.02 27.17 90.15 6.55 223.67 0.0 0.0 0.0 0.0
2023-08-15_19:30:00 0.03 27.15 89.34 6.29 223.27 0.0 0.0 0.0 0.0
2023-08-15_19:45:00 0.02 27.09 88.85 6.36 223.87 0.0 0.0 0.0 0.0
2023-08-15_20:00:00 0.03 27.0 88.95 6.06 228.9 0.0 0.0 0.0 0.0
2023-08-15_20:15:00 0.03 26.91 88.95 5.34 229.93 0.0 0.0 0.0 0.0
2023-08-15_20:30:00 0.13 26.8 89.32 4.92 231.0 0.0 0.0 0.0 0.0
2023-08-15_20:45:00 0.33 26.73 89.62 4.63 231.81 0.0 0.0 0.0 0.0
2023-08-15_21:00:00 0.38 26.63 90.22 4.26 234.18 0.0 0.0 0.0 0.0
2023-08-15_21:15:00 0.43 26.58 90.4 4.45 232.12 0.0 0.0 0.0 0.0
2023-08-15_21:30:00 0.43 26.57 89.93 4.89 234.73 0.0 0.0 0.0 0.0
2023-08-15_21:45:00 0.39 26.49 89.51 5.36 234.89 0.0 0.0 0.0 0.0
2023-08-15_22:00:00 0.39 26.47 88.85 5.5 233.6 0.0 0.0 0.0 0.0
2023-08-15_22:15:00 0.36 26.35 88.75 5.07 237.91 0.0 0.0 0.0 0.0
2023-08-15_22:30:00 0.27 26.35 87.89 4.78 242.46 0.0 0.0 0.0 0.0
2023-08-15_22:45:00 0.24 26.3 87.19 4.6 242.65 0.0 0.0 0.0 0.0
2023-08-15_23:00:00 0.11 26.26 86.58 4.69 238.88 0.0 0.0 0.0 0.0
2023-08-15_23:15:00 0.09 26.26 86.02 5.08 236.34 0.0 0.0 0.0 0.0
2023-08-15_23:30:00 0.04 26.24 85.73 5.29 235.62 0.0 0.0 0.0 0.0
2023-08-15_23:45:00 0.05 26.22 85.68 5.28 236.69 0.0 0.0 0.0 0.0
2023-08-16_00:00:00 0.06 26.15 85.9 5.06 239.3 0.0 0.0 0.0 0.0
2023-08-16_00:15:00 0.05 26.1 86.03 4.75 241.84 0.0 0.0 0.0 0.0
2023-08-16_00:30:00 0.03 26.05 86.0 4.69 245.62 0.0 0.0 0.0 0.0
2023-08-16_00:45:00 0.03 25.96 85.95 4.84 242.11 0.0 0.0 0.0 0.0
2023-08-16_01:00:00 0.03 25.91 85.93 4.64 237.15 0.0 0.0 0.0 0.0
2023-08-16_01:15:00 0.0 25.82 86.2 4.64 236.1 0.0 0.0 0.0 0.0
2023-08-16_01:30:00 0.0 25.81 86.15 5.02 233.25 0.0 0.0 0.0 0.0
2023-08-16_01:45:00 0.0 25.76 86.44 5.21 231.81 0.0 0.0 0.0 0.0
2023-08-16_02:00:00 0.0 25.72 86.78 5.32 229.25 0.0 0.0 0.0 0.0
2023-08-16_02:15:00 0.0 25.65 87.32 5.21 231.07 0.0 0.0 0.0 0.0
2023-08-16_02:30:00 0.0 25.6 87.67 5.09 232.37 0.0 0.0 0.0 0.0
2023-08-16_02:45:00 0.0 25.59 87.8 4.88 234.98 0.0 0.0 0.0 0.0
2023-08-16_03:00:00 0.0 25.59 87.72 5.1 236.15 0.0 0.0 0.0 0.0
2023-08-16_03:15:00 0.0 25.61 87.42 5.15 238.75 0.0 0.0 0.0 0.0
2023-08-16_03:30:00 0.0 25.57 87.54 4.91 238.0 0.0 0.0 0.0 0.0
2023-08-16_03:45:00 0.0 25.52 87.76 4.79 238.64 0.0 0.0 0.0 0.0
2023-08-16_04:00:00 0.0 25.53 87.67 5.12 240.48 0.0 0.0 0.0 0.0
2023-08-16_04:15:00 0.0 25.52 87.55 4.99 246.37 0.0 0.0 0.0 0.0
2023-08-16_04:30:00 0.0 25.54 87.17 5.06 244.53 0.0 0.0 0.0 0.0
2023-08-16_04:45:00 0.0 25.53 87.02 4.9 241.36 0.0 0.0 0.0 0.0
2023-08-16_05:00:00 0.0 25.45 87.18 4.41 243.96 0.0 0.0 0.0 0.0
2023-08-16_05:15:00 0.0 25.42 87.02 4.22 240.99 0.0 0.0 0.0 0.0
2023-08-16_05:30:00 0.0 25.42 86.55 3.93 245.78 0.0 0.0 0.0 0.0
2023-08-16_05:45:00 0.0 25.66 84.83 3.72 248.75 11.34 154.92 147.78 7.13
2023-08-16_06:00:00 0.0 25.68 84.5 3.46 241.81 11.34 152.44 145.3 7.13
2023-08-16_06:15:00 0.0 26.67 80.33 3.82 235.21 108.68 526.81 499.92 26.9
2023-08-16_06:30:00 0.0 26.76 80.46 3.89 230.38 108.68 514.16 487.26 26.9
2023-08-16_06:45:00 0.0 27.4 77.67 3.84 234.55 227.15 645.71 609.0 36.71
2023-08-16_07:00:00 0.0 27.68 76.45 3.64 234.26 227.15 624.63 587.93 36.71
