time clf t2 rh ws wd ghi poa_global poa_direct poa_diffuse
2023-08-27_07:00:00 0.22 28.44 67.98 2.37 247.53 0.0 0.0 0.0 0.0
2023-08-27_07:15:00 0.24 29.56 65.93 2.95 255.97 359.72 660.93 617.79 43.14
2023-08-27_07:30:00 0.27 29.86 64.76 3.3 256.97 359.72 631.73 588.59 43.14
2023-08-27_07:45:00 0.28 30.35 63.05 3.34 255.67 470.62 611.12 515.47 95.65
2023-08-27_08:00:00 0.28 30.6 62.36 3.5 261.35 470.62 580.02 484.37 95.65
2023-08-27_08:15:00 0.27 30.98 61.86 3.35 266.18 576.93 577.38 428.71 148.67
2023-08-27_08:30:00 0.23 31.24 61.66 3.34 272.93 576.93 544.48 395.81 148.67
2023-08-27_08:45:00 0.23 31.54 61.18 3.02 280.34 654.56 556.2 266.6 289.6
2023-08-27_09:00:00 0.19 31.76 60.72 2.95 281.64 654.56 529.87 240.28 289.6
2023-08-27_09:15:00 0.19 31.98 60.18 2.99 279.53 694.04 605.92 94.39 511.53
2023-08-27_09:30:00 0.18 32.1 59.69 2.91 278.64 694.04 593.55 82.02 511.53
2023-08-27_09:45:00 0.17 32.24 59.55 2.8 276.0 752.18 631.94 64.45 567.49
2023-08-27_10:00:00 0.19 32.32 59.41 2.37 277.63 752.18 620.0 52.52 567.49
2023-08-27_10:15:00 0.18 32.45 59.21 2.14 284.45 851.11 605.52 64.23 541.29
2023-08-27_10:30:00 0.2 32.55 59.13 1.81 286.47 851.11 586.32 45.03 541.29
2023-08-27_10:45:00 0.21 32.67 58.86 1.64 285.91 904.8 572.96 29.2 543.76
2023-08-27_11:00:00 0.2 32.79 58.48 1.44 292.33 904.8 549.54 5.78 543.76
2023-08-27_11:15:00 0.24 32.93 58.01 1.03 307.85 961.23 422.17 0.0 422.17
2023-08-27_11:30:00 0.3 32.99 58.48 0.92 351.04 961.23 422.17 0.0 422.17
2023-08-27_11:45:00 0.3 33.02 58.98 0.84 12.51 990.86 244.28 0.0 244.28
2023-08-27_12:00:00 0.25 33.1 59.09 0.93 9.38 990.86 244.28 0.0 244.28
2023-08-27_12:15:00 0.24 33.18 59.01 0.98 18.47 983.16 251.26 0.0 251.26
2023-08-27_12:30:00 0.21 33.25 59.13 1.01 24.57 983.16 251.26 0.0 251.26
2023-08-27_12:45:00 0.18 33.27 59.49 1.28 35.06 965.75 151.46 0.0 151.46
2023-08-27_13:00:00 0.17 33.27 59.77 1.63 42.4 965.75 151.46 0.0 151.46
2023-08-27_13:15:00 0.13 33.23 60.16 1.84 44.98 926.76 65.94 0.0 65.94
2023-08-27_13:30:00 0.1 33.19 60.69 1.9 48.16 926.76 65.94 0.0 65.94
2023-08-27_13:45:00 0.1 33.02 61.78 1.96 52.51 834.84 60.68 0.0 60.68
2023-08-27_14:00:00 0.08 32.92 62.63 2.04 54.91 834.84 60.68 0.0 60.68
2023-08-27_14:15:00 0.05 32.75 63.68 2.29 53.24 751.0 69.41 0.0 69.41
2023-08-27_14:30:00 0.05 32.68 64.35 2.49 51.76 751.0 69.41 0.0 69.41
2023-08-27_14:45:00 0.06 32.54 65.32 2.68 49.84 644.0 61.83 0.0 61.83
2023-08-27_15:00:00 0.05 32.4 66.27 2.86 46.26 644.0 61.83 0.0 61.83
2023-08-27_15:15:00 0.02 32.18 67.34 3.01 43.42 587.2 53.35 0.0 53.35
2023-08-27_15:30:00 0.02 32.03 68.14 3.15 43.95 587.2 53.35 0.0 53.35
2023-08-27_15:45:00 0.03 31.73 69.3 3.24 45.43 464.53 46.98 0.0 46.98
2023-08-27_16:00:00 0.03 31.58 69.69 3.25 45.12 464.53 46.98 0.0 46.98
2023-08-27_16:15:00 0.02 31.13 71.25 3.18 47.86 290.96 39.34 0.0 39.34
2023-08-27_16:30:00 0.01 30.98 71.74 3.04 51.45 290.96 39.34 0.0 39.34
2023-08-27_16:45:00 0.01 30.7 72.92 2.75 56.57 198.03 34.59 0.0 34.59
2023-08-27_17:00:00 0.01 30.52 73.69 2.52 61.29 198.03 34.59 0.0 34.59
2023-08-27_17:15:00 0.05 30.23 75.3 2.46 63.44 121.95 28.42 0.0 28.42
2023-08-27_17:30:00 0.12 30.09 76.1 2.36 63.18 121.95 28.42 0.0 28.42
2023-08-27_17:45:00 0.2 29.24 81.34 2.04 65.13 21.13 10.96 0.0 10.96
2023-08-27_18:00:00 0.21 29.14 82.41 1.9 66.94 21.13 10.96 0.0 10.96
2023-08-27_18:15:00 0.2 28.57 84.64 1.78 71.04 0.0 0.0 0.0 0.0
2023-08-27_18:30:00 0.19 28.47 85.5 1.57 70.39 0.0 0.0 0.0 0.0
2023-08-27_18:45:00 0.2 28.32 86.55 1.59 68.22 0.0 0.0 0.0 0.0
2023-08-27_19:00:00 0.2 28.28 86.95 1.05 73.92 0.0 0.0 0.0 0.0
2023-08-27_19:15:00 0.21 28.21 86.89 0.53 91.9 0.0 0.0 0.0 0.0
2023-08-27_19:30:00 0.24 28.18 86.61 0.32 115.84 0.0 0.0 0.0 0.0
2023-08-27_19:45:00 0.22 28.11 86.4 0.2 149.75 0.0 0.0 0.0 0.0
2023-08-27_20:00:00 0.2 28.07 86.17 0.08 156.25 0.0 0.0 0.0 0.0
2023-08-27_20:15:00 0.22 28.02 85.89 0.25 214.12 0.0 0.0 0.0 0.0
2023-08-27_20:30:00 0.21 27.99 85.34 0.33 246.41 0.0 0.0 0.0 0.0
2023-08-27_20:45:00 0.17 27.93 84.81 0.2 329.82 0.0 0.0 0.0 0.0
2023-08-27_21:00:00 0.07 27.95 83.85 0.44 270.26 0.0 0.0 0.0 0.0
2023-08-27_21:15:00 0.01 28.01 82.56 0.79 238.33 0.0 0.0 0.0 0.0
2023-08-27_21:30:00 0.01 28.02 81.47 1.28 233.54 0.0 0.0 0.0 0.0
2023-08-27_21:45:00 0.0 27.96 80.71 1.59 228.63 0.0 0.0 0.0 0.0
2023-08-27_22:00:00 0.0 27.93 79.76 1.88 220.63 0.0 0.0 0.0 0.0
2023-08-27_22:15:00 0.0 27.9 78.71 2.13 218.62 0.0 0.0 0.0 0.0
2023-08-27_22:30:00 0.0 27.91 77.42 2.28 216.54 0.0 0.0 0.0 0.0
2023-08-27_22:45:00 0.0 27.92 76.22 2.47 216.88 0.0 0.0 0.0 0.0
2023-08-27_23:00:00 0.0 27.92 75.23 2.76 219.63 0.0 0.0 0.0 0.0
2023-08-27_23:15:00 0.0 27.93 74.39 2.8 222.78 0.0 0.0 0.0 0.0
2023-08-27_23:30:00 0.0 27.9 74.14 2.72 226.83 0.0 0.0 0.0 0.0
2023-08-27_23:45:00 0.04 27.9 73.93 2.6 230.12 0.0 0.0 0.0 0.0
2023-08-28_00:00:00 0.06 27.93 73.73 2.65 233.44 0.0 0.0 0.0 0.0
2023-08-28_00:15:00 0.03 27.95 73.7 2.64 229.79 0.0 0.0 0.0 0.0
2023-08-28_00:30:00 0.01 27.95 73.89 2.64 222.37 0.0 0.0 0.0 0.0
2023-08-28_00:45:00 0.0 27.95 74.14 2.74 221.55 0.0 0.0 0.0 0.0
2023-08-28_01:00:00 0.01 28.04 74.03 3.0 230.07 0.0 0.0 0.0 0.0
2023-08-28_01:15:00 0.0 28.19 73.38 3.23 236.14 0.0 0.0 0.0 0.0
2023-08-28_01:30:00 0.0 28.28 72.71 3.15 237.29 0.0 0.0 0.0 0.0
2023-08-28_01:45:00 0.0 28.33 72.26 2.91 236.91 0.0 0.0 0.0 0.0
2023-08-28_02:00:00 0.01 28.32 72.27 2.7 232.11 0.0 0.0 0.0 0.0
2023-08-28_02:15:00 0.03 28.35 72.3 2.73 224.12 0.0 0.0 0.0 0.0
2023-08-28_02:30:00 0.04 28.3 72.87 2.82 221.75 0.0 0.0 0.0 0.0
2023-08-28_02:45:00 0.03 28.37 72.67 3.03 228.22 0.0 0.0 0.0 0.0
2023-08-28_03:00:00 0.03 28.35 72.61 3.17 233.63 0.0 0.0 0.0 0.0
2023-08-28_03:15:00 0.01 28.4 72.24 3.06 228.47 0.0 0.0 0.0 0.0
2023-08-28_03:30:00 0.02 28.37 72.41 3.42 224.75 0.0 0.0 0.0 0.0
2023-08-28_03:45:00 0.03 28.66 71.32 3.84 220.98 0.0 0.0 0.0 0.0
2023-08-28_04:00:00 0.05 28.68 71.08 4.04 217.57 0.0 0.0 0.0 0.0
2023-08-28_04:15:00 0.07 28.61 71.34 4.24 217.81 0.0 0.0 0.0 0.0
2023-08-28_04:30:00 0.08 28.67 71.08 4.26 216.85 0.0 0.0 0.0 0.0
2023-08-28_04:45:00 0.04 28.4 71.96 4.17 217.44 0.0 0.0 0.0 0.0
2023-08-28_05:00:00 0.03 28.24 72.53 4.04 219.45 0.0 0.0 0.0 0.0
2023-08-28_05:15:00 0.04 28.06 72.81 3.74 224.1 0.0 0.0 0.0 0.0
2023-08-28_05:30:00 0.05 27.96 72.76 3.3 231.26 0.0 0.0 0.0 0.0
2023-08-28_05:45:00 0.07 28.03 72.88 2.8 240.73 16.51 194.57 185.3 9.27
2023-08-28_06:00:00 0.11 27.94 72.81 2.37 246.55 16.51 191.2 181.93 9.27
2023-08-28_06:15:00 0.14 28.96 68.04 2.22 254.84 117.22 526.7 498.91 27.79
2023-08-28_06:30:00 0.12 29.07 67.4 1.95 268.18 117.22 513.28 485.49 27.79
2023-08-28_06:45:00 0.08 29.65 64.84 2.07 274.74 234.12 598.99 548.7 50.29
2023-08-28_07:00:00 0.07 29.94 63.6 1.77 276.44 234.12 578.95 528.66 50.29
2023-08-28_07:15:00 0.08 30.46 61.72 1.64 276.77 354.86 625.16 556.48 68.68
2023-08-28_07:30:00 0.07 30.74 60.85 1.46 283.0 354.86 598.7 530.03 68.68
2023-08-28_07:45:00 0.05 31.13 59.87 1.55 291.07 473.59 618.04 534.7 83.34
2023-08-28_08:00:00 0.03 31.32 60.06 1.66 288.61 473.59 585.59 502.24 83.34
2023-08-28_08:15:00 0.03 31.67 59.36 1.73 276.67 591.97 590.82 528.75 62.06
2023-08-28_08:30:00 0.02 31.86 59.04 1.72 273.44 591.97 549.97 487.91 62.06
2023-08-28_08:45:00 0.02 32.14 58.38 1.56 266.79 697.5 523.66 468.33 55.34
2023-08-28_09:00:00 0.02 32.3 57.59 1.38 257.47 697.5 477.06 421.73 55.34
2023-08-28_09:15:00 0.0 32.48 57.12 1.26 263.89 786.36 449.94 366.27 83.67
2023-08-28_09:30:00 0.0 32.57 56.77 1.14 279.64 786.36 401.49 317.83 83.67
2023-08-28_09:45:00 0.0 32.71 56.45 0.97 299.56 866.47 352.28 278.25 74.03
2023-08-28_10:00:00 0.0 32.76 56.58 0.86 303.14 866.47 300.12 226.09 74.03
2023-08-28_10:15:00 0.0 32.82 56.67 0.82 325.07 908.68 235.25 174.29 60.95
2023-08-28_10:30:00 0.01 32.83 57.13 0.79 2.18 908.68 182.15 121.19 60.95
2023-08-28_10:45:00 0.0 32.75 57.77 0.78 10.23 892.95 164.65 61.52 103.13
2023-08-28_11:00:00 0.01 32.72 58.22 0.92 13.68 892.95 112.83 9.7 103.13
2023-08-28_11:15:00 0.01 32.51 59.26 1.02 29.38 767.94 115.28 0.0 115.28
2023-08-28_11:30:00 0.02 32.44 59.82 1.27 39.79 767.94 115.28 0.0 115.28
2023-08-28_11:45:00 0.03 32.23 60.9 1.37 46.4 665.71 142.01 0.0 142.01
2023-08-28_12:00:00 0.03 32.15 61.33 1.52 56.0 665.71 142.01 0.0 142.01
2023-08-28_12:15:00 0.02 32.16 61.47 1.83 57.33 728.67 144.19 0.0 144.19
2023-08-28_12:30:00 0.02 32.1 61.92 2.15 59.54 728.67 144.19 0.0 144.19
2023-08-28_12:45:00 0.01 32.2 61.61 2.35 64.89 684.43 191.57 0.0 191.57
2023-08-28_13:00:00 0.01 32.16 62.02 2.54 63.31 684.43 191.57 0.0 191.57
2023-08-28_13:15:00 0.01 32.17 62.21 2.49 64.18 791.7 134.51 0.0 134.51
2023-08-28_13:30:00 0.01 32.2 62.37 2.39 60.55 791.7 134.51 0.0 134.51
2023-08-28_13:45:00 0.03 31.97 63.54 2.53 60.77 526.95 93.29 0.0 93.29
2023-08-28_14:00:00 0.04 31.96 63.96 2.5 61.26 526.95 93.29 0.0 93.29
2023-08-28_14:15:00 0.03 31.83 64.78 2.34 67.84 557.5 85.53 0.0 85.53
2023-08-28_14:30:00 0.02 31.71 65.54 2.24 71.59 557.5 85.53 0.0 85.53
2023-08-28_14:45:00 0.04 31.78 65.66 2.22 61.39 527.54 128.24 0.0 128.24
2023-08-28_15:00:00 0.03 31.74 66.18 2.15 54.57 527.54 128.24 0.0 128.24
2023-08-28_15:15:00 0.01 31.57 67.18 2.13 54.76 437.83 106.55 0.0 106.55
2023-08-28_15:30:00 0.0 31.52 68.02 2.48 52.58 437.83 106.55 0.0 106.55
2023-08-28_15:45:00 0.0 31.05 70.33 2.26 55.93 276.48 89.1 0.0 89.1
2023-08-28_16:00:00 0.0 30.85 71.35 1.88 66.95 276.48 89.1 0.0 89.1
2023-08-28_16:15:00 0.01 30.84 71.42 2.02 66.54 293.4 46.5 0.0 46.5
2023-08-28_16:30:00 0.01 30.75 71.78 1.95 60.98 293.4 46.5 0.0 46.5
2023-08-28_16:45:00 0.01 30.68 71.95 1.8 62.34 235.23 49.21 0.0 49.21
2023-08-28_17:00:00 0.01 30.62 72.16 2.07 72.78 235.23 49.21 0.0 49.21
2023-08-28_17:15:00 0.01 30.26 74.14 1.95 75.62 119.18 35.42 0.0 35.42
2023-08-28_17:30:00 0.0 30.08 75.34 1.89 81.11 119.18 35.42 0.0 35.42
2023-08-28_17:45:00 0.0 29.12 81.09 1.67 87.37 19.49 11.57 0.0 11.57
2023-08-28_18:00:00 0.0 28.98 82.95 1.56 97.08 19.49 11.57 0.0 11.57
2023-08-28_18:15:00 0.0 28.37 85.58 1.22 116.47 0.0 0.0 0.0 0.0
2023-08-28_18:30:00 0.0 28.34 85.86 0.72 118.38 0.0 0.0 0.0 0.0
2023-08-28_18:45:00 0.0 28.26 85.87 0.31 61.0 0.0 0.0 0.0 0.0
2023-08-28_19:00:00 0.0 28.24 85.56 0.26 31.33 0.0 0.0 0.0 0.0
2023-08-28_19:15:00 0.01 28.19 85.21 0.45 254.03 0.0 0.0 0.0 0.0
2023-08-28_19:30:00 0.01 28.14 84.78 0.86 254.99 0.0 0.0 0.0 0.0
2023-08-28_19:45:00 0.0 28.12 84.19 0.82 282.85 0.0 0.0 0.0 0.0
2023-08-28_20:00:00 0.0 28.0 84.15 1.51 284.23 0.0 0.0 0.0 0.0
2023-08-28_20:15:00 0.02 27.95 83.65 1.69 290.25 0.0 0.0 0.0 0.0
2023-08-28_20:30:00 0.02 27.9 83.14 1.87 285.93 0.0 0.0 0.0 0.0
2023-08-28_20:45:00 0.02 27.88 82.39 2.12 292.74 0.0 0.0 0.0 0.0
2023-08-28_21:00:00 0.02 27.87 81.58 2.2 285.35 0.0 0.0 0.0 0.0
2023-08-28_21:15:00 0.04 27.83 80.93 2.42 290.79 0.0 0.0 0.0 0.0
2023-08-28_21:30:00 0.04 27.85 80.13 2.35 289.97 0.0 0.0 0.0 0.0
2023-08-28_21:45:00 0.09 27.89 79.42 2.46 297.0 0.0 0.0 0.0 0.0
2023-08-28_22:00:00 0.04 27.92 78.99 2.78 304.45 0.0 0.0 0.0 0.0
2023-08-28_22:15:00 0.07 27.87 79.22 3.1 309.55 0.0 0.0 0.0 0.0
2023-08-28_22:30:00 0.04 27.79 79.89 3.25 311.32 0.0 0.0 0.0 0.0
2023-08-28_22:45:00 0.02 27.72 80.74 3.34 317.06 0.0 0.0 0.0 0.0
2023-08-28_23:00:00 0.02 27.6 82.17 3.38 321.99 0.0 0.0 0.0 0.0
2023-08-28_23:15:00 0.06 27.42 83.87 3.24 325.52 0.0 0.0 0.0 0.0
2023-08-28_23:30:00 0.08 27.4 84.68 3.18 320.37 0.0 0.0 0.0 0.0
2023-08-28_23:45:00 0.04 27.22 85.87 2.91 311.92 0.0 0.0 0.0 0.0
2023-08-29_00:00:00 0.04 27.14 86.44 3.03 313.86 0.0 0.0 0.0 0.0
2023-08-29_00:15:00 0.02 27.0 87.44 2.94 314.8 0.0 0.0 0.0 0.0
2023-08-29_00:30:00 0.03 26.87 88.23 2.77 317.34 0.0 0.0 0.0 0.0
2023-08-29_00:45:00 0.06 26.74 88.83 2.55 322.84 0.0 0.0 0.0 0.0
2023-08-29_01:00:00 0.08 26.66 89.12 2.48 326.26 0.0 0.0 0.0 0.0
2023-08-29_01:15:00 0.06 26.59 89.45 2.41 324.64 0.0 0.0 0.0 0.0
2023-08-29_01:30:00 0.05 26.52 89.43 2.45 310.24 0.0 0.0 0.0 0.0
2023-08-29_01:45:00 0.08 26.38 89.29 2.31 306.01 0.0 0.0 0.0 0.0
2023-08-29_02:00:00 0.08 26.35 88.97 2.32 312.13 0.0 0.0 0.0 0.0
2023-08-29_02:15:00 0.1 26.32 88.37 1.75 317.91 0.0 0.0 0.0 0.0
2023-08-29_02:30:00 0.05 26.32 87.9 1.5 318.97 0.0 0.0 0.0 0.0
2023-08-29_02:45:00 0.07 26.39 87.0 1.42 293.32 0.0 0.0 0.0 0.0
2023-08-29_03:00:00 0.07 26.4 86.24 1.56 287.33 0.0 0.0 0.0 0.0
2023-08-29_03:15:00 0.07 26.41 85.6 1.41 300.77 0.0 0.0 0.0 0.0
2023-08-29_03:30:00 0.09 26.4 85.14 1.08 309.63 0.0 0.0 0.0 0.0
2023-08-29_03:45:00 0.08 26.48 84.35 0.52 287.2 0.0 0.0 0.0 0.0
2023-08-29_04:00:00 0.04 26.5 83.86 0.81 246.21 0.0 0.0 0.0 0.0
2023-08-29_04:15:00 0.03 26.44 83.68 1.46 234.76 0.0 0.0 0.0 0.0
2023-08-29_04:30:00 0.03 26.38 83.52 1.84 216.46 0.0 0.0 0.0 0.0
2023-08-29_04:45:00 0.04 26.29 83.18 1.93 213.19 0.0 0.0 0.0 0.0
2023-08-29_05:00:00 0.06 26.27 82.84 2.0 204.24 0.0 0.0 0.0 0.0
2023-08-29_05:15:00 0.07 26.22 82.71 2.25 202.52 0.0 0.0 0.0 0.0
2023-08-29_05:30:00 0.07 26.19 82.33 2.34 198.78 0.0 0.0 0.0 0.0
2023-08-29_05:45:00 0.06 26.5 81.59 2.75 212.92 16.44 191.58 182.21 9.37
2023-08-29_06:00:00 0.08 26.53 80.6 2.89 212.72 16.44 188.25 178.88 9.37
2023-08-29_06:15:00 0.06 27.63 75.03 2.77 212.03 117.02 524.42 496.49 27.94
2023-08-29_06:30:00 0.07 27.76 74.57 2.63 212.36 117.02 510.99 483.05 27.94
2023-08-29_06:45:00 0.06 28.35 71.73 2.86 208.15 236.69 631.85 594.71 37.14
2023-08-29_07:00:00 0.05 28.61 70.51 2.91 208.54 236.69 610.0 572.86 37.14
2023-08-29_07:15:00 0.03 29.13 68.25 2.89 210.48 359.7 657.23 614.07 43.16
2023-08-29_07:30:00 0.01 29.48 66.78 2.93 216.64 359.7 627.87 584.71 43.16
2023-08-29_07:45:00 0.02 29.97 65.12 2.68 220.81 480.38 638.84 591.36 47.48
2023-08-29_08:00:00 0.02 30.29 64.05 2.26 226.95 480.38 602.73 555.25 47.48
2023-08-29_08:15:00 0.01 30.67 62.99 2.26 232.45 593.9 590.26 539.48 50.78
2023-08-29_08:30:00 0.0 30.94 62.33 2.22 236.83 593.9 548.32 497.53 50.78
2023-08-29_08:45:00 0.01 31.29 61.8 1.08 254.2 699.07 521.51 468.17 53.33
2023-08-29_09:00:00 0.01 31.53 60.61 0.87 264.13 699.07 474.57 421.23 53.33
2023-08-29_09:15:00 0.03 31.8 59.56 0.51 273.63 791.2 436.03 380.66 55.37
2023-08-29_09:30:00 0.12 32.0 59.12 0.7 29.0 791.2 385.21 329.84 55.37
2023-08-29_09:45:00 0.02 32.14 58.52 0.37 6.98 868.78 338.9 281.92 56.98
2023-08-29_10:00:00 0.03 32.32 57.92 0.56 13.59 868.78 285.38 228.4 56.98
2023-08-29_10:15:00 0.04 32.49 58.04 1.41 34.81 931.83 234.46 176.32 58.14
2023-08-29_10:30:00 0.02 32.5 58.23 1.12 35.6 931.83 179.68 121.53 58.14
2023-08-29_10:45:00 0.03 32.33 59.0 1.04 32.86 763.89 127.33 51.04 76.29
2023-08-29_11:00:00 0.04 32.07 60.6 1.04 35.69 763.89 82.05 5.76 76.29
2023-08-29_11:15:00 0.09 31.25 64.34 0.26 65.52 553.69 49.99 0.0 49.99
2023-08-29_11:30:00 0.11 30.65 67.82 1.27 176.62 553.69 49.99 0.0 49.99
2023-08-29_11:45:00 0.27 29.83 71.77 1.93 198.48 453.07 66.25 0.0 66.25
2023-08-29_12:00:00 0.36 29.44 73.12 2.34 223.13 453.07 66.25 0.0 66.25
2023-08-29_12:15:00 0.29 29.46 72.97 2.37 240.54 475.81 110.02 0.0 110.02
2023-08-29_12:30:00 0.34 29.66 71.82 1.68 258.54 475.81 110.02 0.0 110.02
2023-08-29_12:45:00 0.36 30.58 68.22 1.21 308.98 838.61 171.01 0.0 171.01
2023-08-29_13:00:00 0.38 30.78 67.57 2.39 346.87 838.61 171.01 0.0 171.01
2023-08-29_13:15:00 0.32 30.08 71.47 4.25 347.77 475.5 75.02 0.0 75.02
2023-08-29_13:30:00 0.58 29.17 77.03 6.45 342.26 475.5 75.02 0.0 75.02
2023-08-29_13:45:00 0.63 28.05 81.8 6.42 343.43 425.1 93.6 0.0 93.6
2023-08-29_14:00:00 0.78 27.56 84.18 6.36 340.61 425.1 93.6 0.0 93.6
2023-08-29_14:15:00 0.86 27.2 85.24 5.71 341.8 146.45 79.97 0.0 79.97
2023-08-29_14:30:00 0.84 27.06 85.24 4.56 336.34 146.45 79.97 0.0 79.97
2023-08-29_14:45:00 0.82 27.39 83.69 3.84 327.2 186.07 147.26 0.0 147.26
2023-08-29_15:00:00 0.75 27.68 82.46 3.7 327.37 186.07 147.26 0.0 147.26
2023-08-29_15:15:00 0.71 28.34 80.01 3.28 337.29 515.89 237.46 0.0 237.46
2023-08-29_15:30:00 0.61 28.8 78.1 2.79 344.23 515.89 237.46 0.0 237.46
2023-08-29_15:45:00 0.47 29.04 76.9 2.17 333.88 438.26 96.29 0.0 96.29
2023-08-29_16:00:00 0.36 29.33 75.59 1.59 318.81 438.26 96.29 0.0 96.29
2023-08-29_16:15:00 0.22 29.54 74.41 0.95 297.43 357.69 49.54 0.0 49.54
2023-08-29_16:30:00 0.14 29.79 73.23 0.83 253.75 357.69 49.54 0.0 49.54
2023-08-29_16:45:00 0.19 29.85 72.88 0.2 274.54 210.01 133.45 0.0 133.45
2023-08-29_17:00:00 0.31 30.01 72.75 1.28 348.81 210.01 133.45 0.0 133.45
2023-08-29_17:15:00 0.19 29.86 74.19 1.49 355.05 108.3 43.05 0.0 43.05
2023-08-29_17:30:00 0.15 29.81 74.68 1.41 5.37 108.3 43.05 0.0 43.05
2023-08-29_17:45:00 0.19 28.91 79.93 1.91 27.94 16.65 9.17 0.0 9.17
2023-08-29_18:00:00 0.2 28.83 80.31 2.56 32.12 16.65 9.17 0.0 9.17
2023-08-29_18:15:00 0.1 28.42 81.55 2.85 28.79 0.0 0.0 0.0 0.0
2023-08-29_18:30:00 0.08 28.4 81.59 3.23 20.24 0.0 0.0 0.0 0.0
2023-08-29_18:45:00 0.09 28.34 81.76 3.8 10.18 0.0 0.0 0.0 0.0
2023-08-29_19:00:00 0.08 28.19 82.62 3.9 7.11 0.0 0.0 0.0 0.0
2023-08-29_19:15:00 0.06 28.01 83.53 3.66 359.42 0.0 0.0 0.0 0.0
2023-08-29_19:30:00 0.04 27.91 83.92 3.2 349.08 0.0 0.0 0.0 0.0
2023-08-29_19:45:00 0.05 27.83 83.67 3.39 342.03 0.0 0.0 0.0 0.0
2023-08-29_20:00:00 0.1 27.8 83.25 3.42 336.2 0.0 0.0 0.0 0.0
2023-08-29_20:15:00 0.14 27.81 83.02 2.42 320.35 0.0 0.0 0.0 0.0
2023-08-29_20:30:00 0.12 27.68 83.34 1.98 300.09 0.0 0.0 0.0 0.0
2023-08-29_20:45:00 0.23 27.44 84.68 1.95 301.73 0.0 0.0 0.0 0.0
2023-08-29_21:00:00 0.27 27.33 85.21 2.05 293.47 0.0 0.0 0.0 0.0
2023-08-29_21:15:00 0.21 27.17 86.14 2.23 267.34 0.0 0.0 0.0 0.0
2023-08-29_21:30:00 0.26 26.93 87.35 2.67 236.82 0.0 0.0 0.0 0.0
2023-08-29_21:45:00 0.34 26.94 87.02 2.56 222.16 0.0 0.0 0.0 0.0
2023-08-29_22:00:00 0.42 26.85 87.35 2.02 213.1 0.0 0.0 0.0 0.0
2023-08-29_22:15:00 0.4 26.63 88.1 1.64 203.35 0.0 0.0 0.0 0.0
2023-08-29_22:30:00 0.31 26.61 88.19 1.78 190.17 0.0 0.0 0.0 0.0
2023-08-29_22:45:00 0.25 26.53 88.6 1.45 183.77 0.0 0.0 0.0 0.0
2023-08-29_23:00:00 0.21 26.47 88.9 1.48 189.39 0.0 0.0 0.0 0.0
2023-08-29_23:15:00 0.19 26.29 89.64 1.76 192.86 0.0 0.0 0.0 0.0
2023-08-29_23:30:00 0.25 26.29 89.66 1.36 194.06 0.0 0.0 0.0 0.0
2023-08-29_23:45:00 0.23 26.19 89.99 1.77 200.6 0.0 0.0 0.0 0.0
2023-08-30_00:00:00 0.32 26.2 89.54 1.25 223.56 0.0 0.0 0.0 0.0
2023-08-30_00:15:00 0.44 26.23 89.18 1.45 254.96 0.0 0.0 0.0 0.0
2023-08-30_00:30:00 0.51 26.29 88.39 1.28 302.57 0.0 0.0 0.0 0.0
2023-08-30_00:45:00 0.48 26.35 87.93 1.56 259.65 0.0 0.0 0.0 0.0
2023-08-30_01:00:00 0.55 26.35 87.53 1.48 262.45 0.0 0.0 0.0 0.0
2023-08-30_01:15:00 0.55 26.33 87.14 1.76 262.64 0.0 0.0 0.0 0.0
2023-08-30_01:30:00 0.54 26.34 86.91 1.72 271.85 0.0 0.0 0.0 0.0
2023-08-30_01:45:00 0.6 26.32 86.87 1.46 270.67 0.0 0.0 0.0 0.0
2023-08-30_02:00:00 0.71 26.4 86.58 0.68 301.96 0.0 0.0 0.0 0.0
2023-08-30_02:15:00 0.7 26.41 87.04 0.51 318.41 0.0 0.0 0.0 0.0
2023-08-30_02:30:00 0.66 26.35 87.71 0.6 282.35 0.0 0.0 0.0 0.0
2023-08-30_02:45:00 0.67 26.25 88.42 0.69 327.92 0.0 0.0 0.0 0.0
2023-08-30_03:00:00 0.68 26.2 89.01 1.05 345.24 0.0 0.0 0.0 0.0
2023-08-30_03:15:00 0.69 26.17 89.72 2.06 346.77 0.0 0.0 0.0 0.0
2023-08-30_03:30:00 0.68 26.16 90.46 2.57 345.38 0.0 0.0 0.0 0.0
2023-08-30_03:45:00 0.68 26.08 91.5 2.97 345.36 0.0 0.0 0.0 0.0
2023-08-30_04:00:00 0.64 26.04 92.38 3.04 340.66 0.0 0.0 0.0 0.0
2023-08-30_04:15:00 0.63 25.99 93.03 2.49 332.01 0.0 0.0 0.0 0.0
2023-08-30_04:30:00 0.63 25.94 93.33 2.29 322.69 0.0 0.0 0.0 0.0
2023-08-30_04:45:00 0.69 25.95 93.36 2.14 330.84 0.0 0.0 0.0 0.0
2023-08-30_05:00:00 0.68 25.89 93.76 1.85 332.59 0.0 0.0 0.0 0.0
2023-08-30_05:15:00 0.67 25.8 93.87 1.79 326.44 0.0 0.0 0.0 0.0
2023-08-30_05:30:00 0.69 25.77 93.71 1.66 321.27 0.0 0.0 0.0 0.0
2023-08-30_05:45:00 0.65 25.78 93.55 1.85 306.61 6.42 6.38 0.0 6.38
2023-08-30_06:00:00 0.71 25.78 93.3 1.57 318.19 6.42 6.38 0.0 6.38
2023-08-30_06:15:00 0.72 26.31 90.41 0.93 311.84 68.23 67.84 0.0 67.84
2023-08-30_06:30:00 0.7 26.33 90.57 1.26 238.83 68.23 67.84 0.0 67.84
2023-08-30_06:45:00 0.76 26.61 89.71 1.32 238.51 141.28 147.97 11.28 136.69
2023-08-30_07:00:00 0.8 26.79 89.09 2.05 225.58 141.28 147.55 10.86 136.69
