time clf t2 rh ws wd ghi poa_global poa_direct poa_diffuse
2023-07-23_07:00:00 0.64 25.8 80.13 2.15 254.43 0.0 0.0 0.0 0.0
2023-07-23_07:15:00 0.64 26.82 75.88 2.18 253.94 351.44 689.0 646.01 42.99
2023-07-23_07:30:00 0.63 27.11 74.43 2.0 257.2 351.44 661.79 618.8 42.99
2023-07-23_07:45:00 0.58 27.56 72.45 2.0 256.16 467.27 676.77 629.32 47.45
2023-07-23_08:00:00 0.58 27.84 71.08 1.89 259.18 467.27 643.09 595.64 47.45
2023-07-23_08:15:00 0.54 28.27 69.31 1.74 263.69 577.5 635.78 584.92 50.87
2023-07-23_08:30:00 0.57 28.61 67.92 1.47 269.45 577.5 596.37 545.5 50.87
2023-07-23_08:45:00 0.61 28.97 66.6 1.45 262.93 678.81 573.46 518.52 54.93
2023-07-23_09:00:00 0.65 29.25 65.67 1.4 246.98 678.81 529.27 474.34 54.93
2023-07-23_09:15:00 0.65 29.51 64.85 1.26 234.44 769.18 494.8 439.0 55.8
2023-07-23_09:30:00 0.69 29.73 64.26 1.2 211.16 769.18 446.6 390.8 55.8
2023-07-23_09:45:00 0.76 29.92 63.88 1.5 193.28 846.18 404.25 346.74 57.51
2023-07-23_10:00:00 0.8 30.06 63.72 2.08 191.45 846.18 353.2 295.69 57.51
2023-07-23_10:15:00 0.78 30.18 63.65 2.69 190.79 835.37 292.62 221.91 70.72
2023-07-23_10:30:00 0.79 30.24 63.95 3.37 190.22 835.37 245.23 174.51 70.72
2023-07-23_10:45:00 0.78 30.21 64.68 3.8 190.1 821.36 207.0 116.18 90.82
2023-07-23_11:00:00 0.79 30.22 65.22 4.33 193.33 821.36 164.85 74.02 90.82
2023-07-23_11:15:00 0.82 30.15 66.12 4.93 197.62 782.42 219.46 20.41 199.05
2023-07-23_11:30:00 0.82 30.01 67.25 5.5 204.12 782.42 199.05 0.0 199.05
2023-07-23_11:45:00 0.86 29.6 69.5 5.54 209.93 624.07 284.1 0.0 284.1
2023-07-23_12:00:00 0.85 29.39 70.87 5.37 210.99 624.07 284.1 0.0 284.1
2023-07-23_12:15:00 0.85 29.15 72.17 5.11 214.41 544.87 331.26 0.0 331.26
2023-07-23_12:30:00 0.75 29.14 72.55 5.03 216.44 544.87 331.26 0.0 331.26
2023-07-23_12:45:00 0.58 29.22 72.65 4.98 215.01 677.22 227.37 0.0 227.37
2023-07-23_13:00:00 0.39 29.21 73.19 4.86 211.55 677.22 227.37 0.0 227.37
2023-07-23_13:15:00 0.26 29.37 72.99 5.13 208.64 758.64 96.29 0.0 96.29
2023-07-23_13:30:00 0.28 29.41 73.11 5.45 211.65 758.64 96.29 0.0 96.29
2023-07-23_13:45:00 0.36 29.3 73.81 6.06 208.58 659.91 101.18 0.0 101.18
2023-07-23_14:00:00 0.42 29.21 74.5 6.64 205.94 659.91 101.18 0.0 101.18
2023-07-23_14:15:00 0.4 29.04 75.54 6.68 208.6 662.1 86.66 0.0 86.66
2023-07-23_14:30:00 0.38 29.0 75.86 6.75 209.2 662.1 86.66 0.0 86.66
2023-07-23_14:45:00 0.35 28.92 76.29 7.42 209.83 558.49 197.63 0.0 197.63
2023-07-23_15:00:00 0.34 28.81 76.76 7.84 213.17 558.49 197.63 0.0 197.63
2023-07-23_15:15:00 0.3 28.32 78.44 7.86 213.54 371.3 178.54 0.0 178.54
2023-07-23_15:30:00 0.3 28.17 78.64 7.79 213.85 371.3 178.54 0.0 178.54
2023-07-23_15:45:00 0.35 27.8 79.78 7.87 212.64 197.63 193.56 0.0 193.56
2023-07-23_16:00:00 0.46 27.66 80.4 8.28 212.2 197.63 193.56 0.0 193.56
2023-07-23_16:15:00 0.63 27.25 81.97 8.74 216.0 80.46 80.0 0.0 80.0
2023-07-23_16:30:00 0.76 27.07 83.19 8.39 222.71 80.46 80.0 0.0 80.0
2023-07-23_16:45:00 0.9 26.73 85.03 6.84 229.92 42.34 42.1 0.0 42.1
2023-07-23_17:00:00 0.81 26.46 86.7 6.61 231.46 42.34 42.1 0.0 42.1
2023-07-23_17:15:00 0.82 26.13 88.81 5.59 237.77 11.51 11.45 0.0 11.45
2023-07-23_17:30:00 0.87 26.0 90.17 4.08 237.88 11.51 11.45 0.0 11.45
2023-07-23_17:45:00 0.87 25.88 91.54 3.36 234.08 4.58 4.55 0.0 4.55
2023-07-23_18:00:00 0.89 25.75 92.78 3.56 229.39 4.58 4.55 0.0 4.55
2023-07-23_18:15:00 0.89 25.63 94.16 3.73 230.2 0.0 0.0 0.0 0.0
2023-07-23_18:30:00 0.89 25.5 94.8 3.81 236.39 0.0 0.0 0.0 0.0
2023-07-23_18:45:00 0.88 25.37 94.38 4.08 243.44 0.0 0.0 0.0 0.0
2023-07-23_19:00:00 0.86 25.22 93.38 3.94 245.82 0.0 0.0 0.0 0.0
2023-07-23_19:15:00 0.87 25.03 93.04 3.63 246.19 0.0 0.0 0.0 0.0
2023-07-23_19:30:00 0.82 24.9 92.81 3.63 252.01 0.0 0.0 0.0 0.0
2023-07-23_19:45:00 0.78 24.82 92.42 3.52 261.35 0.0 0.0 0.0 0.0
2023-07-23_20:00:00 0.8 24.78 91.97 3.1 263.21 0.0 0.0 0.0 0.0
2023-07-23_20:15:00 0.79 24.71 91.76 2.79 259.77 0.0 0.0 0.0 0.0
2023-07-23_20:30:00 0.77 24.67 91.51 2.61 260.01 0.0 0.0 0.0 0.0
2023-07-23_20:45:00 0.82 24.65 91.01 3.11 251.63 0.0 0.0 0.0 0.0
2023-07-23_21:00:00 0.84 24.7 90.17 3.75 242.26 0.0 0.0 0.0 0.0
2023-07-23_21:15:00 0.85 24.79 88.83 4.42 237.26 0.0 0.0 0.0 0.0
2023-07-23_21:30:00 0.81 24.87 87.33 4.94 237.4 0.0 0.0 0.0 0.0
2023-07-23_21:45:00 0.77 24.91 86.19 5.28 237.36 0.0 0.0 0.0 0.0
2023-07-23_22:00:00 0.78 24.95 85.38 5.45 239.15 0.0 0.0 0.0 0.0
2023-07-23_22:15:00 0.84 24.96 84.86 5.7 240.62 0.0 0.0 0.0 0.0
2023-07-23_22:30:00 0.83 25.0 84.41 6.01 245.05 0.0 0.0 0.0 0.0
2023-07-23_22:45:00 0.84 24.99 84.54 6.05 246.57 0.0 0.0 0.0 0.0
2023-07-23_23:00:00 0.84 24.99 84.9 6.05 245.41 0.0 0.0 0.0 0.0
2023-07-23_23:15:00 0.83 25.0 85.2 6.03 246.31 0.0 0.0 0.0 0.0
2023-07-23_23:30:00 0.8 25.0 85.52 5.71 245.96 0.0 0.0 0.0 0.0
2023-07-23_23:45:00 0.69 25.06 85.59 5.66 244.76 0.0 0.0 0.0 0.0
2023-07-24_00:00:00 0.64 25.07 85.86 5.59 244.14 0.0 0.0 0.0 0.0
2023-07-24_00:15:00 0.7 25.05 86.31 5.52 245.14 0.0 0.0 0.0 0.0
2023-07-24_00:30:00 0.68 25.04 86.66 5.48 246.0 0.0 0.0 0.0 0.0
2023-07-24_00:45:00 0.61 24.99 87.18 5.66 243.7 0.0 0.0 0.0 0.0
2023-07-24_01:00:00 0.65 24.98 87.46 5.73 241.88 0.0 0.0 0.0 0.0
2023-07-24_01:15:00 0.7 24.83 87.99 5.82 239.93 0.0 0.0 0.0 0.0
2023-07-24_01:30:00 0.74 24.74 88.43 5.79 238.88 0.0 0.0 0.0 0.0
2023-07-24_01:45:00 0.73 24.72 88.53 5.71 238.44 0.0 0.0 0.0 0.0
2023-07-24_02:00:00 0.74 24.69 88.61 5.52 238.03 0.0 0.0 0.0 0.0
2023-07-24_02:15:00 0.77 24.69 88.64 5.17 236.95 0.0 0.0 0.0 0.0
2023-07-24_02:30:00 0.74 24.7 88.57 5.02 237.59 0.0 0.0 0.0 0.0
2023-07-24_02:45:00 0.77 24.68 88.55 4.74 238.89 0.0 0.0 0.0 0.0
2023-07-24_03:00:00 0.83 24.69 88.31 4.59 236.59 0.0 0.0 0.0 0.0
2023-07-24_03:15:00 0.83 24.74 87.83 4.67 233.1 0.0 0.0 0.0 0.0
2023-07-24_03:30:00 0.84 24.75 87.51 4.38 231.01 0.0 0.0 0.0 0.0
2023-07-24_03:45:00 0.8 24.76 87.2 4.09 230.31 0.0 0.0 0.0 0.0
2023-07-24_04:00:00 0.75 24.76 87.0 3.91 231.44 0.0 0.0 0.0 0.0
2023-07-24_04:15:00 0.75 24.66 87.03 3.74 231.49 0.0 0.0 0.0 0.0
2023-07-24_04:30:00 0.75 24.67 86.71 3.87 230.08 0.0 0.0 0.0 0.0
2023-07-24_04:45:00 0.69 24.76 86.03 4.26 230.65 0.0 0.0 0.0 0.0
2023-07-24_05:00:00 0.71 24.76 85.75 4.16 234.0 0.0 0.0 0.0 0.0
2023-07-24_05:15:00 0.74 24.65 85.89 3.93 235.7 0.0 0.0 0.0 0.0
2023-07-24_05:30:00 0.72 24.66 85.51 4.12 237.15 0.0 0.0 0.0 0.0
2023-07-24_05:45:00 0.65 24.87 84.67 4.38 238.12 9.98 71.09 63.95 7.13
2023-07-24_06:00:00 0.7 24.88 84.46 4.5 240.79 9.98 70.09 62.96 7.13
2023-07-24_06:15:00 0.76 25.23 82.87 4.43 242.64 30.01 49.3 23.53 25.77
2023-07-24_06:30:00 0.74 25.3 82.51 4.52 241.15 30.01 48.74 22.97 25.77
2023-07-24_06:45:00 0.79 25.81 80.7 4.55 241.33 107.6 246.15 202.83 43.32
2023-07-24_07:00:00 0.8 25.95 80.37 4.48 241.59 107.6 239.58 196.27 43.32
2023-07-24_07:15:00 0.74 26.39 78.82 4.9 240.14 228.75 382.64 295.48 87.16
2023-07-24_07:30:00 0.72 26.53 78.52 5.04 237.27 228.75 370.18 283.02 87.16
2023-07-24_07:45:00 0.74 26.88 77.52 4.94 238.5 309.24 418.64 330.36 88.28
2023-07-24_08:00:00 0.69 27.02 77.25 5.0 239.83 309.24 400.93 312.65 88.28
2023-07-24_08:15:00 0.7 27.45 75.96 5.21 241.69 402.4 434.91 333.95 100.96
2023-07-24_08:30:00 0.75 27.68 75.19 5.48 241.9 402.4 412.37 311.4 100.96
2023-07-24_08:45:00 0.77 28.18 73.48 5.7 242.7 607.45 540.27 322.95 217.32
2023-07-24_09:00:00 0.73 28.41 72.57 5.82 245.28 607.45 512.69 295.37 217.32
2023-07-24_09:15:00 0.66 28.63 71.85 6.02 246.25 676.24 511.6 260.03 251.57
2023-07-24_09:30:00 0.7 28.77 71.59 6.09 244.26 676.24 482.98 231.41 251.57
2023-07-24_09:45:00 0.71 29.12 70.36 6.17 245.21 818.46 444.3 291.75 152.55
2023-07-24_10:00:00 0.71 29.41 69.08 6.21 244.35 818.46 401.19 248.65 152.55
2023-07-24_10:15:00 0.75 29.65 67.95 5.95 241.2 805.68 329.02 193.58 135.44
2023-07-24_10:30:00 0.71 29.84 67.09 6.04 239.58 805.68 287.47 152.03 135.44
2023-07-24_10:45:00 0.67 29.95 66.56 6.14 240.5 805.5 248.81 104.23 144.59
2023-07-24_11:00:00 0.62 30.1 65.84 6.25 241.3 805.5 210.68 66.1 144.59
2023-07-24_11:15:00 0.61 30.36 64.81 6.05 241.14 948.08 99.16 29.62 69.54
2023-07-24_11:30:00 0.53 30.53 64.01 5.88 241.84 948.08 69.54 0.0 69.54
2023-07-24_11:45:00 0.53 30.86 62.97 6.26 240.45 994.94 101.65 0.0 101.65
2023-07-24_12:00:00 0.65 30.99 62.71 5.87 238.98 994.94 101.65 0.0 101.65
2023-07-24_12:15:00 0.67 30.83 63.42 6.0 235.54 880.89 104.59 0.0 104.59
2023-07-24_12:30:00 0.69 30.76 63.94 6.07 233.81 880.89 104.59 0.0 104.59
2023-07-24_12:45:00 0.8 30.42 65.18 5.96 233.47 645.91 194.15 0.0 194.15
2023-07-24_13:00:00 0.77 30.3 66.01 6.43 233.1 645.91 194.15 0.0 194.15
2023-07-24_13:15:00 0.78 30.43 66.4 6.9 231.23 735.29 305.79 0.0 305.79
2023-07-24_13:30:00 0.64 30.34 67.36 6.93 229.45 735.29 305.79 0.0 305.79
2023-07-24_13:45:00 0.56 30.02 69.1 6.64 226.69 610.32 299.48 0.0 299.48
2023-07-24_14:00:00 0.59 29.92 69.93 6.67 222.92 610.32 299.48 0.0 299.48
2023-07-24_14:15:00 0.71 29.94 70.4 6.85 223.21 682.22 291.25 0.0 291.25
2023-07-24_14:30:00 0.74 29.76 71.65 7.06 222.92 682.22 291.25 0.0 291.25
2023-07-24_14:45:00 0.78 29.09 74.71 7.11 221.58 367.7 250.78 0.0 250.78
2023-07-24_15:00:00 0.78 28.96 75.4 6.92 220.97 367.7 250.78 0.0 250.78
2023-07-24_15:15:00 0.74 29.08 75.06 7.54 221.93 470.5 417.16 0.0 417.16
2023-07-24_15:30:00 0.71 29.04 75.56 7.66 221.39 470.5 417.16 0.0 417.16
2023-07-24_15:45:00 0.72 28.76 77.06 7.14 219.27 372.71 322.3 0.0 322.3
2023-07-24_16:00:00 0.7 28.66 77.94 6.99 216.77 372.71 322.3 0.0 322.3
2023-07-24_16:15:00 0.71 28.53 78.81 7.23 213.69 307.63 239.39 0.0 239.39
2023-07-24_16:30:00 0.68 28.45 79.32 8.06 214.71 307.63 239.39 0.0 239.39
2023-07-24_16:45:00 0.59 28.06 80.93 8.15 217.32 192.87 150.22 0.0 150.22
2023-07-24_17:00:00 0.66 27.96 81.77 7.8 219.53 192.87 150.22 0.0 150.22
2023-07-24_17:15:00 0.63 27.66 83.91 8.19 216.13 131.88 51.76 0.0 51.76
2023-07-24_17:30:00 0.57 27.34 85.87 8.49 212.48 131.88 51.76 0.0 51.76
2023-07-24_17:45:00 0.43 26.78 87.59 8.06 216.35 29.13 23.12 0.0 23.12
2023-07-24_18:00:00 0.45 26.63 87.42 7.63 222.01 29.13 23.12 0.0 23.12
2023-07-24_18:15:00 0.53 26.44 87.19 7.86 225.69 0.0 0.0 0.0 0.0
2023-07-24_18:30:00 0.61 26.37 86.76 8.08 229.12 0.0 0.0 0.0 0.0
2023-07-24_18:45:00 0.66 26.36 86.22 7.31 230.38 0.0 0.0 0.0 0.0
2023-07-24_19:00:00 0.71 26.28 86.5 6.82 228.22 0.0 0.0 0.0 0.0
2023-07-24_19:15:00 0.53 26.22 86.65 7.93 227.7 0.0 0.0 0.0 0.0
2023-07-24_19:30:00 0.53 26.21 86.62 8.6 229.81 0.0 0.0 0.0 0.0
2023-07-24_19:45:00 0.55 26.06 87.39 8.05 229.79 0.0 0.0 0.0 0.0
2023-07-24_20:00:00 0.61 26.03 87.67 7.46 230.71 0.0 0.0 0.0 0.0
2023-07-24_20:15:00 0.69 26.07 87.31 7.11 234.84 0.0 0.0 0.0 0.0
2023-07-24_20:30:00 0.7 25.96 87.29 6.49 233.94 0.0 0.0 0.0 0.0
2023-07-24_20:45:00 0.75 25.83 87.78 6.25 233.55 0.0 0.0 0.0 0.0
2023-07-24_21:00:00 0.85 25.75 88.29 5.82 233.34 0.0 0.0 0.0 0.0
2023-07-24_21:15:00 0.79 25.73 88.45 5.72 232.1 0.0 0.0 0.0 0.0
2023-07-24_21:30:00 0.74 25.69 88.89 5.59 231.9 0.0 0.0 0.0 0.0
2023-07-24_21:45:00 0.79 25.65 89.5 5.41 230.31 0.0 0.0 0.0 0.0
2023-07-24_22:00:00 0.76 25.67 89.46 5.44 229.39 0.0 0.0 0.0 0.0
2023-07-24_22:15:00 0.69 25.68 89.28 5.82 229.91 0.0 0.0 0.0 0.0
2023-07-24_22:30:00 0.73 25.67 89.01 5.74 230.57 0.0 0.0 0.0 0.0
2023-07-24_22:45:00 0.74 25.55 88.8 5.2 237.3 0.0 0.0 0.0 0.0
2023-07-24_23:00:00 0.73 25.57 87.4 5.19 239.86 0.0 0.0 0.0 0.0
2023-07-24_23:15:00 0.7 25.68 85.35 5.73 235.03 0.0 0.0 0.0 0.0
2023-07-24_23:30:00 0.68 25.69 84.2 5.85 235.71 0.0 0.0 0.0 0.0
2023-07-24_23:45:00 0.65 25.68 83.5 6.07 236.82 0.0 0.0 0.0 0.0
2023-07-25_00:00:00 0.72 25.68 82.88 6.75 237.83 0.0 0.0 0.0 0.0
2023-07-25_00:15:00 0.76 25.55 82.86 6.63 236.77 0.0 0.0 0.0 0.0
2023-07-25_00:30:00 0.74 25.5 82.51 6.41 234.2 0.0 0.0 0.0 0.0
2023-07-25_00:45:00 0.68 25.52 81.79 6.43 235.47 0.0 0.0 0.0 0.0
2023-07-25_01:00:00 0.81 25.49 81.45 5.86 234.06 0.0 0.0 0.0 0.0
2023-07-25_01:15:00 0.75 25.6 80.43 6.55 238.09 0.0 0.0 0.0 0.0
2023-07-25_01:30:00 0.8 25.64 80.29 6.72 239.43 0.0 0.0 0.0 0.0
2023-07-25_01:45:00 0.82 25.53 81.23 6.4 241.62 0.0 0.0 0.0 0.0
2023-07-25_02:00:00 0.82 25.46 82.16 5.76 243.12 0.0 0.0 0.0 0.0
2023-07-25_02:15:00 0.82 25.42 83.31 5.13 239.64 0.0 0.0 0.0 0.0
2023-07-25_02:30:00 0.82 25.31 84.78 5.17 238.75 0.0 0.0 0.0 0.0
2023-07-25_02:45:00 0.83 25.16 86.01 5.21 239.51 0.0 0.0 0.0 0.0
2023-07-25_03:00:00 0.79 25.03 87.0 5.17 238.54 0.0 0.0 0.0 0.0
2023-07-25_03:15:00 0.82 24.89 88.01 4.73 240.78 0.0 0.0 0.0 0.0
2023-07-25_03:30:00 0.85 24.78 88.91 4.18 234.58 0.0 0.0 0.0 0.0
2023-07-25_03:45:00 0.82 24.77 89.14 4.92 232.71 0.0 0.0 0.0 0.0
2023-07-25_04:00:00 0.84 24.76 89.58 4.47 232.11 0.0 0.0 0.0 0.0
2023-07-25_04:15:00 0.8 24.74 90.27 4.52 228.06 0.0 0.0 0.0 0.0
2023-07-25_04:30:00 0.79 24.78 90.8 5.15 230.7 0.0 0.0 0.0 0.0
2023-07-25_04:45:00 0.86 24.76 91.59 4.56 233.86 0.0 0.0 0.0 0.0
2023-07-25_05:00:00 0.81 24.75 91.85 4.62 238.44 0.0 0.0 0.0 0.0
2023-07-25_05:15:00 0.8 24.81 91.61 4.95 239.4 0.0 0.0 0.0 0.0
2023-07-25_05:30:00 0.82 24.79 91.96 4.84 235.05 0.0 0.0 0.0 0.0
2023-07-25_05:45:00 0.81 24.83 92.07 4.84 232.72 8.08 8.04 0.0 8.04
2023-07-25_06:00:00 0.81 24.82 92.46 4.68 231.48 8.08 8.04 0.0 8.04
2023-07-25_06:15:00 0.77 25.14 91.04 4.99 232.55 44.13 43.87 0.0 43.87
2023-07-25_06:30:00 0.69 25.21 90.68 5.47 235.63 44.13 43.87 0.0 43.87
2023-07-25_06:45:00 0.7 25.49 89.29 5.74 237.02 106.22 105.69 0.11 105.58
2023-07-25_07:00:00 0.7 25.6 88.55 5.73 237.21 106.22 105.69 0.11 105.58
2023-07-25_07:15:00 0.7 25.82 87.37 6.21 241.99 173.58 174.67 3.96 170.7
2023-07-25_07:30:00 0.76 25.95 86.6 5.93 241.8 173.58 174.5 3.8 170.7
2023-07-25_07:45:00 0.77 26.29 85.21 5.9 240.59 269.31 269.04 3.76 265.28
2023-07-25_08:00:00 0.78 26.44 84.41 5.9 240.19 269.31 268.84 3.56 265.28
2023-07-25_08:15:00 0.79 26.66 83.5 6.3 240.16 313.7 312.04 1.24 310.8
2023-07-25_08:30:00 0.79 26.78 82.91 6.5 238.76 313.7 311.96 1.16 310.8
2023-07-25_08:45:00 0.81 26.97 82.14 6.86 237.65 347.05 344.35 3.67 340.68
2023-07-25_09:00:00 0.81 27.1 81.71 6.99 238.75 347.05 344.03 3.35 340.68
2023-07-25_09:15:00 0.71 27.26 80.7 7.29 241.2 367.84 364.68 1.72 362.97
2023-07-25_09:30:00 0.68 27.45 79.2 7.4 243.13 367.84 364.49 1.53 362.97
2023-07-25_09:45:00 0.7 27.92 76.51 7.18 243.69 501.0 488.21 7.81 480.4
2023-07-25_10:00:00 0.74 28.22 74.43 6.92 243.39 501.0 487.05 6.65 480.4
2023-07-25_10:15:00 0.67 28.48 72.87 7.25 242.75 520.6 513.76 1.58 512.18
2023-07-25_10:30:00 0.59 28.65 72.07 7.68 242.47 520.6 513.42 1.24 512.18
2023-07-25_10:45:00 0.61 28.95 71.17 7.9 242.39 613.76 552.95 10.71 542.24
2023-07-25_11:00:00 0.6 29.09 70.28 7.56 241.97 613.76 549.0 6.76 542.24
2023-07-25_11:15:00 0.61 29.51 68.3 7.49 244.72 843.01 533.15 10.26 522.9
2023-07-25_11:30:00 0.63 29.76 66.97 7.71 247.87 843.01 522.9 0.0 522.9
2023-07-25_11:45:00 0.61 30.02 65.65 7.7 248.86 818.07 471.8 0.0 471.8
2023-07-25_12:00:00 0.54 30.18 65.07 7.42 248.69 818.07 471.8 0.0 471.8
2023-07-25_12:15:00 0.49 30.32 64.86 7.23 248.58 885.91 531.37 0.0 531.37
2023-07-25_12:30:00 0.53 30.36 64.59 7.14 248.77 885.91 531.37 0.0 531.37
2023-07-25_12:45:00 0.5 30.21 64.7 6.75 246.16 724.44 511.36 0.0 511.36
2023-07-25_13:00:00 0.55 30.28 64.07 6.73 243.73 724.44 511.36 0.0 511.36
2023-07-25_13:15:00 0.58 30.27 63.2 6.55 243.11 619.17 514.17 0.0 514.17
2023-07-25_13:30:00 0.65 30.44 61.85 6.59 244.09 619.17 514.17 0.0 514.17
2023-07-25_13:45:00 0.65 30.61 60.88 7.13 246.22 605.18 540.09 0.0 540.09
2023-07-25_14:00:00 0.63 30.67 60.6 7.28 246.33 605.18 540.09 0.0 540.09
2023-07-25_14:15:00 0.64 30.79 60.41 7.19 245.86 568.37 409.31 0.0 409.31
2023-07-25_14:30:00 0.61 30.83 60.54 7.18 243.11 568.37 409.31 0.0 409.31
2023-07-25_14:45:00 0.52 30.69 61.64 6.95 237.4 617.64 432.15 0.0 432.15
2023-07-25_15:00:00 0.54 30.46 63.33 6.92 235.17 617.64 432.15 0.0 432.15
2023-07-25_15:15:00 0.56 30.03 65.16 6.95 233.97 425.13 404.31 0.0 404.31
2023-07-25_15:30:00 0.51 29.96 65.53 7.05 232.06 425.13 404.31 0.0 404.31
2023-07-25_15:45:00 0.45 29.75 66.33 7.19 231.25 354.34 308.15 0.0 308.15
2023-07-25_16:00:00 0.43 29.69 66.45 7.24 230.57 354.34 308.15 0.0 308.15
2023-07-25_16:15:00 0.39 29.37 67.74 7.59 229.92 245.2 240.08 0.0 240.08
2023-07-25_16:30:00 0.5 29.22 68.92 7.93 229.85 245.2 240.08 0.0 240.08
2023-07-25_16:45:00 0.54 28.82 70.95 7.15 230.08 149.08 147.94 0.0 147.94
2023-07-25_17:00:00 0.51 28.68 71.62 7.04 229.36 149.08 147.94 0.0 147.94
2023-07-25_17:15:00 0.44 28.33 72.64 6.8 230.55 87.09 84.84 0.0 84.84
2023-07-25_17:30:00 0.48 28.24 72.51 6.55 230.54 87.09 84.84 0.0 84.84
2023-07-25_17:45:00 0.48 27.89 73.38 6.12 228.23 38.9 34.85 0.0 34.85
2023-07-25_18:00:00 0.41 27.75 73.63 6.63 227.57 38.9 34.85 0.0 34.85
2023-07-25_18:15:00 0.39 27.44 74.43 6.96 227.91 0.0 0.0 0.0 0.0
2023-07-25_18:30:00 0.28 27.22 75.73 7.41 228.4 0.0 0.0 0.0 0.0
2023-07-25_18:45:00 0.29 27.05 77.24 7.58 228.03 0.0 0.0 0.0 0.0
2023-07-25_19:00:00 0.44 26.95 78.09 7.05 229.12 0.0 0.0 0.0 0.0
2023-07-25_19:15:00 0.49 26.97 77.46 6.97 231.59 0.0 0.0 0.0 0.0
2023-07-25_19:30:00 0.56 27.01 75.78 7.25 237.34 0.0 0.0 0.0 0.0
2023-07-25_19:45:00 0.59 27.02 74.2 6.78 241.31 0.0 0.0 0.0 0.0
2023-07-25_20:00:00 0.54 26.94 73.82 6.56 242.89 0.0 0.0 0.0 0.0
2023-07-25_20:15:00 0.52 26.7 74.48 6.2 243.11 0.0 0.0 0.0 0.0
2023-07-25_20:30:00 0.56 26.6 74.71 5.93 242.17 0.0 0.0 0.0 0.0
2023-07-25_20:45:00 0.56 26.55 74.58 6.37 237.92 0.0 0.0 0.0 0.0
2023-07-25_21:00:00 0.47 26.47 75.09 6.36 238.94 0.0 0.0 0.0 0.0
2023-07-25_21:15:00 0.45 26.27 76.48 6.13 238.22 0.0 0.0 0.0 0.0
2023-07-25_21:30:00 0.38 26.15 77.48 6.33 235.15 0.0 0.0 0.0 0.0
2023-07-25_21:45:00 0.36 26.13 77.97 6.49 234.41 0.0 0.0 0.0 0.0
2023-07-25_22:00:00 0.33 26.08 78.5 6.65 235.52 0.0 0.0 0.0 0.0
2023-07-25_22:15:00 0.29 26.0 78.9 6.17 238.2 0.0 0.0 0.0 0.0
2023-07-25_22:30:00 0.33 25.94 78.93 5.59 242.99 0.0 0.0 0.0 0.0
2023-07-25_22:45:00 0.34 25.98 78.24 5.61 244.05 0.0 0.0 0.0 0.0
2023-07-25_23:00:00 0.36 25.99 77.68 5.64 245.93 0.0 0.0 0.0 0.0
2023-07-25_23:15:00 0.36 25.96 77.27 5.62 245.98 0.0 0.0 0.0 0.0
2023-07-25_23:30:00 0.41 25.93 77.3 5.59 242.76 0.0 0.0 0.0 0.0
2023-07-25_23:45:00 0.4 25.95 77.29 6.08 242.93 0.0 0.0 0.0 0.0
2023-07-26_00:00:00 0.42 25.91 77.78 6.59 244.15 0.0 0.0 0.0 0.0
2023-07-26_00:15:00 0.33 25.82 78.42 7.04 243.1 0.0 0.0 0.0 0.0
2023-07-26_00:30:00 0.29 25.75 78.81 6.69 245.53 0.0 0.0 0.0 0.0
2023-07-26_00:45:00 0.3 25.59 79.47 6.47 243.23 0.0 0.0 0.0 0.0
2023-07-26_01:00:00 0.47 25.51 79.65 6.01 243.36 0.0 0.0 0.0 0.0
2023-07-26_01:15:00 0.61 25.46 79.62 5.89 244.54 0.0 0.0 0.0 0.0
2023-07-26_01:30:00 0.57 25.46 79.33 6.46 241.78 0.0 0.0 0.0 0.0
2023-07-26_01:45:00 0.51 25.58 78.4 6.92 243.32 0.0 0.0 0.0 0.0
2023-07-26_02:00:00 0.47 25.62 77.91 6.82 245.07 0.0 0.0 0.0 0.0
2023-07-26_02:15:00 0.41 25.58 77.94 6.83 244.5 0.0 0.0 0.0 0.0
2023-07-26_02:30:00 0.35 25.5 78.35 6.82 245.11 0.0 0.0 0.0 0.0
2023-07-26_02:45:00 0.38 25.4 78.9 6.84 243.73 0.0 0.0 0.0 0.0
2023-07-26_03:00:00 0.4 25.35 79.24 6.58 243.74 0.0 0.0 0.0 0.0
2023-07-26_03:15:00 0.48 25.36 79.35 6.16 244.25 0.0 0.0 0.0 0.0
2023-07-26_03:30:00 0.53 25.36 79.48 6.21 241.74 0.0 0.0 0.0 0.0
2023-07-26_03:45:00 0.57 25.25 80.33 5.87 239.36 0.0 0.0 0.0 0.0
2023-07-26_04:00:00 0.51 25.24 80.7 6.16 236.86 0.0 0.0 0.0 0.0
2023-07-26_04:15:00 0.56 25.33 80.56 6.41 236.84 0.0 0.0 0.0 0.0
2023-07-26_04:30:00 0.55 25.29 81.0 6.42 239.51 0.0 0.0 0.0 0.0
2023-07-26_04:45:00 0.51 25.17 81.8 6.48 241.25 0.0 0.0 0.0 0.0
2023-07-26_05:00:00 0.46 25.18 81.89 6.68 241.72 0.0 0.0 0.0 0.0
2023-07-26_05:15:00 0.47 25.17 82.09 6.6 243.05 0.0 0.0 0.0 0.0
2023-07-26_05:30:00 0.44 25.15 82.33 6.52 243.9 0.0 0.0 0.0 0.0
2023-07-26_05:45:00 0.43 25.32 81.99 6.51 243.94 16.13 97.67 85.14 12.52
2023-07-26_06:00:00 0.47 25.35 82.09 6.41 243.25 16.13 96.34 83.82 12.52
2023-07-26_06:15:00 0.5 25.83 80.67 6.45 239.6 89.64 228.49 168.12 60.37
2023-07-26_06:30:00 0.43 25.89 80.76 6.66 236.29 89.64 224.51 164.14 60.37
2023-07-26_06:45:00 0.45 26.28 79.85 6.9 237.88 194.94 340.43 213.17 127.25
2023-07-26_07:00:00 0.56 26.43 79.53 6.72 239.66 194.94 333.5 206.25 127.25
