time clf t2 rh ws wd ghi poa_global poa_direct poa_diffuse
2023-09-15_07:00:00 0.11 25.55 84.67 2.14 266.71 0.0 0.0 0.0 0.0
2023-09-15_07:15:00 0.12 27.01 75.93 3.04 257.63 361.35 623.32 578.42 44.9
2023-09-15_07:30:00 0.11 27.4 73.46 3.51 253.84 361.35 592.5 547.6 44.9
2023-09-15_07:45:00 0.1 28.05 70.55 4.12 250.4 483.11 600.04 550.13 49.91
2023-09-15_08:00:00 0.16 28.46 68.59 4.42 248.78 483.11 562.39 512.48 49.91
2023-09-15_08:15:00 0.22 28.98 66.42 4.68 249.46 597.82 547.63 493.88 53.75
2023-09-15_08:30:00 0.26 29.35 64.8 4.67 250.28 597.82 504.07 450.31 53.75
2023-09-15_08:45:00 0.28 29.87 62.81 4.77 251.23 702.65 474.3 417.51 56.79
2023-09-15_09:00:00 0.32 30.23 61.41 5.01 249.55 702.65 425.81 369.02 56.79
2023-09-15_09:15:00 0.37 30.67 59.98 5.18 247.84 794.89 385.32 326.07 59.25
2023-09-15_09:30:00 0.35 30.93 59.16 5.43 247.65 794.89 332.99 273.75 59.25
2023-09-15_09:45:00 0.33 31.29 58.11 5.41 247.51 869.77 302.1 216.27 85.83
2023-09-15_10:00:00 0.29 31.55 57.26 5.43 247.9 869.77 249.05 163.23 85.83
2023-09-15_10:15:00 0.27 31.85 56.25 5.51 247.5 923.76 254.95 101.61 153.34
2023-09-15_10:30:00 0.24 32.08 55.41 5.54 247.9 923.76 206.09 52.75 153.34
2023-09-15_10:45:00 0.21 32.37 54.48 5.63 248.41 975.84 80.88 8.46 72.42
2023-09-15_11:00:00 0.24 32.55 53.8 5.49 248.69 975.84 72.42 0.0 72.42
2023-09-15_11:15:00 0.27 32.77 53.01 5.36 248.38 1000.42 75.3 0.0 75.3
2023-09-15_11:30:00 0.26 32.99 52.28 5.4 246.85 1000.42 75.3 0.0 75.3
2023-09-15_11:45:00 0.23 33.16 51.65 5.5 246.35 1001.82 123.08 0.0 123.08
2023-09-15_12:00:00 0.2 33.34 51.05 5.55 243.73 1001.82 123.08 0.0 123.08
2023-09-15_12:15:00 0.23 33.5 50.55 5.64 241.72 987.38 140.09 0.0 140.09
2023-09-15_12:30:00 0.2 33.64 50.14 5.62 241.92 987.38 140.09 0.0 140.09
2023-09-15_12:45:00 0.14 33.71 49.9 5.62 240.97 947.85 183.76 0.0 183.76
2023-09-15_13:00:00 0.15 33.81 49.6 5.69 239.89 947.85 183.76 0.0 183.76
2023-09-15_13:15:00 0.17 33.81 49.59 5.67 242.16 869.9 190.32 0.0 190.32
2023-09-15_13:30:00 0.23 33.85 49.6 5.73 247.0 869.9 190.32 0.0 190.32
2023-09-15_13:45:00 0.13 33.54 50.53 5.78 246.45 740.06 296.21 0.0 296.21
2023-09-15_14:00:00 0.11 33.42 51.02 5.87 250.13 740.06 296.21 0.0 296.21
2023-09-15_14:15:00 0.1 33.13 52.01 5.8 258.54 616.0 318.72 0.0 318.72
2023-09-15_14:30:00 0.18 32.97 52.88 5.27 261.78 616.0 318.72 0.0 318.72
2023-09-15_14:45:00 0.31 32.64 54.33 4.48 262.02 481.33 264.29 0.0 264.29
2023-09-15_15:00:00 0.3 32.41 55.59 3.58 264.36 481.33 264.29 0.0 264.29
2023-09-15_15:15:00 0.27 31.8 58.4 2.76 279.95 314.85 189.51 0.0 189.51
2023-09-15_15:30:00 0.17 31.46 60.56 2.21 295.22 314.85 189.51 0.0 189.51
2023-09-15_15:45:00 0.12 31.21 62.21 1.39 295.39 302.76 167.29 0.0 167.29
2023-09-15_16:00:00 0.13 31.11 62.91 0.89 285.23 302.76 167.29 0.0 167.29
2023-09-15_16:15:00 0.23 30.71 64.93 1.05 329.13 158.33 106.4 0.0 106.4
2023-09-15_16:30:00 0.31 30.46 66.85 1.08 353.89 158.33 106.4 0.0 106.4
2023-09-15_16:45:00 0.23 30.07 69.02 1.01 2.75 135.66 112.66 0.0 112.66
2023-09-15_17:00:00 0.19 29.88 69.99 0.98 359.62 135.66 112.66 0.0 112.66
2023-09-15_17:15:00 0.15 29.33 72.61 1.09 5.99 35.51 30.14 0.0 30.14
2023-09-15_17:30:00 0.16 29.16 73.44 1.04 10.03 35.51 30.14 0.0 30.14
2023-09-15_17:45:00 0.17 28.57 76.16 0.88 5.48 0.0 0.0 0.0 0.0
2023-09-15_18:00:00 0.17 28.32 77.73 1.09 350.48 0.0 0.0 0.0 0.0
2023-09-15_18:15:00 0.19 27.83 80.54 1.04 337.12 0.0 0.0 0.0 0.0
2023-09-15_18:30:00 0.18 27.64 81.75 0.93 318.45 0.0 0.0 0.0 0.0
2023-09-15_18:45:00 0.18 27.37 83.15 1.09 302.08 0.0 0.0 0.0 0.0
2023-09-15_19:00:00 0.18 27.27 83.67 1.28 300.15 0.0 0.0 0.0 0.0
2023-09-15_19:15:00 0.17 27.35 83.18 1.41 294.79 0.0 0.0 0.0 0.0
2023-09-15_19:30:00 0.16 27.27 83.38 1.58 286.92 0.0 0.0 0.0 0.0
2023-09-15_19:45:00 0.16 26.91 84.42 1.67 277.46 0.0 0.0 0.0 0.0
2023-09-15_20:00:00 0.19 26.93 84.01 2.03 280.84 0.0 0.0 0.0 0.0
2023-09-15_20:15:00 0.18 26.76 84.28 2.41 276.13 0.0 0.0 0.0 0.0
2023-09-15_20:30:00 0.23 26.63 83.94 2.39 271.9 0.0 0.0 0.0 0.0
2023-09-15_20:45:00 0.32 26.5 83.64 2.49 274.11 0.0 0.0 0.0 0.0
2023-09-15_21:00:00 0.35 26.42 82.83 2.55 277.06 0.0 0.0 0.0 0.0
2023-09-15_21:15:00 0.4 26.27 82.25 2.56 282.94 0.0 0.0 0.0 0.0
2023-09-15_21:30:00 0.44 26.15 81.68 2.47 287.05 0.0 0.0 0.0 0.0
2023-09-15_21:45:00 0.47 26.0 81.54 2.34 284.07 0.0 0.0 0.0 0.0
2023-09-15_22:00:00 0.49 25.89 81.19 2.17 270.01 0.0 0.0 0.0 0.0
2023-09-15_22:15:00 0.54 25.81 80.53 2.14 261.43 0.0 0.0 0.0 0.0
2023-09-15_22:30:00 0.58 25.73 80.06 2.1 259.87 0.0 0.0 0.0 0.0
2023-09-15_22:45:00 0.58 25.74 79.05 2.33 259.12 0.0 0.0 0.0 0.0
2023-09-15_23:00:00 0.54 25.75 78.25 2.46 258.21 0.0 0.0 0.0 0.0
2023-09-15_23:15:00 0.51 25.84 77.08 2.66 255.0 0.0 0.0 0.0 0.0
2023-09-15_23:30:00 0.44 25.88 76.32 2.89 250.6 0.0 0.0 0.0 0.0
2023-09-15_23:45:00 0.45 25.9 75.74 3.05 251.18 0.0 0.0 0.0 0.0
2023-09-16_00:00:00 0.42 25.93 75.22 3.22 251.91 0.0 0.0 0.0 0.0
2023-09-16_00:15:00 0.38 25.76 75.76 3.16 254.06 0.0 0.0 0.0 0.0
2023-09-16_00:30:00 0.32 25.75 75.37 3.28 247.81 0.0 0.0 0.0 0.0
2023-09-16_00:45:00 0.26 25.66 75.44 3.32 244.52 0.0 0.0 0.0 0.0
2023-09-16_01:00:00 0.25 25.57 75.87 3.22 245.53 0.0 0.0 0.0 0.0
2023-09-16_01:15:00 0.21 25.51 76.11 3.54 246.53 0.0 0.0 0.0 0.0
2023-09-16_01:30:00 0.22 25.52 76.15 3.92 249.39 0.0 0.0 0.0 0.0
2023-09-16_01:45:00 0.25 25.5 76.32 4.12 250.16 0.0 0.0 0.0 0.0
2023-09-16_02:00:00 0.24 25.51 76.37 4.36 250.3 0.0 0.0 0.0 0.0
2023-09-16_02:15:00 0.28 25.48 76.59 4.24 250.48 0.0 0.0 0.0 0.0
2023-09-16_02:30:00 0.23 25.51 76.46 4.62 251.27 0.0 0.0 0.0 0.0
2023-09-16_02:45:00 0.19 25.52 76.39 4.9 251.73 0.0 0.0 0.0 0.0
2023-09-16_03:00:00 0.26 25.48 76.63 4.64 250.57 0.0 0.0 0.0 0.0
2023-09-16_03:15:00 0.27 25.5 76.52 4.69 251.19 0.0 0.0 0.0 0.0
2023-09-16_03:30:00 0.3 25.51 76.42 4.74 252.67 0.0 0.0 0.0 0.0
2023-09-16_03:45:00 0.24 25.53 76.31 5.09 251.22 0.0 0.0 0.0 0.0
2023-09-16_04:00:00 0.21 25.48 76.65 5.11 252.22 0.0 0.0 0.0 0.0
2023-09-16_04:15:00 0.22 25.4 77.09 5.01 250.49 0.0 0.0 0.0 0.0
2023-09-16_04:30:00 0.16 25.37 77.19 5.19 250.67 0.0 0.0 0.0 0.0
2023-09-16_04:45:00 0.19 25.34 77.34 5.06 251.1 0.0 0.0 0.0 0.0
2023-09-16_05:00:00 0.21 25.3 77.52 4.88 249.88 0.0 0.0 0.0 0.0
2023-09-16_05:15:00 0.2 25.24 77.84 4.8 249.68 0.0 0.0 0.0 0.0
2023-09-16_05:30:00 0.2 25.19 78.12 4.76 251.3 0.0 0.0 0.0 0.0
2023-09-16_05:45:00 0.25 25.35 77.9 4.74 250.72 14.04 126.32 116.44 9.88
2023-09-16_06:00:00 0.31 25.28 78.42 4.2 248.69 14.04 123.87 113.99 9.88
2023-09-16_06:15:00 0.36 26.24 74.66 4.48 249.07 113.39 461.47 427.2 34.27
2023-09-16_06:30:00 0.31 26.38 74.31 4.64 248.96 113.39 448.41 414.14 34.27
2023-09-16_06:45:00 0.32 27.01 72.25 5.29 250.11 236.71 600.31 561.91 38.41
2023-09-16_07:00:00 0.38 27.22 71.65 5.24 251.87 236.71 577.16 538.75 38.41
2023-09-16_07:15:00 0.39 27.79 69.79 5.46 249.66 354.58 575.42 490.86 84.56
2023-09-16_07:30:00 0.35 28.04 68.91 5.93 246.86 354.58 549.09 464.52 84.56
2023-09-16_07:45:00 0.3 28.56 67.18 6.22 248.35 472.01 564.08 443.94 120.14
2023-09-16_08:00:00 0.4 28.83 66.21 5.98 246.65 472.01 533.48 413.34 120.14
2023-09-16_08:15:00 0.41 29.24 64.76 6.19 244.63 593.62 543.36 461.68 81.68
2023-09-16_08:30:00 0.46 29.45 63.95 5.96 244.27 593.62 502.31 420.63 81.68
2023-09-16_08:45:00 0.51 29.87 62.56 5.93 245.1 702.41 470.93 414.05 56.88
2023-09-16_09:00:00 0.37 30.08 61.69 6.15 243.79 702.41 422.38 365.5 56.88
2023-09-16_09:15:00 0.38 30.43 60.47 5.82 242.84 793.3 387.33 317.07 70.25
2023-09-16_09:30:00 0.35 30.66 59.62 5.69 240.66 793.3 335.82 265.57 70.25
2023-09-16_09:45:00 0.32 30.99 58.54 5.52 239.8 870.9 289.54 216.59 72.95
2023-09-16_10:00:00 0.28 31.25 57.7 5.49 240.97 870.9 235.47 162.52 72.95
2023-09-16_10:15:00 0.3 31.57 56.68 5.44 242.52 924.5 245.39 99.29 146.1
2023-09-16_10:30:00 0.31 31.83 55.82 5.32 240.4 924.5 196.04 49.94 146.1
2023-09-16_10:45:00 0.3 32.13 54.83 5.16 241.18 974.84 85.61 4.96 80.65
2023-09-16_11:00:00 0.27 32.39 53.98 5.13 244.14 974.84 80.65 0.0 80.65
2023-09-16_11:15:00 0.25 32.64 53.13 5.16 242.84 993.43 146.14 0.0 146.14
2023-09-16_11:30:00 0.26 32.86 52.37 5.02 239.97 993.43 146.14 0.0 146.14
2023-09-16_11:45:00 0.3 33.1 51.62 5.04 240.81 1004.84 86.81 0.0 86.81
2023-09-16_12:00:00 0.28 33.32 51.06 5.29 241.18 1004.84 86.81 0.0 86.81
2023-09-16_12:15:00 0.32 33.45 50.81 5.06 239.33 972.7 261.7 0.0 261.7
2023-09-16_12:30:00 0.3 33.57 50.56 5.05 237.39 972.7 261.7 0.0 261.7
2023-09-16_12:45:00 0.26 33.65 50.27 5.05 240.6 938.63 198.14 0.0 198.14
2023-09-16_13:00:00 0.19 33.74 49.82 4.99 241.19 938.63 198.14 0.0 198.14
2023-09-16_13:15:00 0.11 33.75 49.59 5.07 240.02 883.48 180.92 0.0 180.92
2023-09-16_13:30:00 0.12 33.82 49.35 4.9 239.71 883.48 180.92 0.0 180.92
2023-09-16_13:45:00 0.14 33.83 49.34 4.59 240.87 822.02 100.23 0.0 100.23
2023-09-16_14:00:00 0.18 33.91 49.11 4.26 240.57 822.02 100.23 0.0 100.23
2023-09-16_14:15:00 0.14 33.96 48.93 3.91 234.74 752.53 58.71 0.0 58.71
2023-09-16_14:30:00 0.09 34.05 48.75 3.39 234.82 752.53 58.71 0.0 58.71
2023-09-16_14:45:00 0.11 34.05 48.89 3.15 234.76 655.7 110.5 0.0 110.5
2023-09-16_15:00:00 0.11 34.13 48.9 3.34 223.16 655.7 110.5 0.0 110.5
2023-09-16_15:15:00 0.14 34.05 49.33 3.57 216.95 549.71 52.3 0.0 52.3
2023-09-16_15:30:00 0.22 34.06 49.55 3.38 212.21 549.71 52.3 0.0 52.3
2023-09-16_15:45:00 0.17 33.81 50.5 3.26 205.28 434.08 48.44 0.0 48.44
2023-09-16_16:00:00 0.07 33.67 51.36 3.52 206.4 434.08 48.44 0.0 48.44
2023-09-16_16:15:00 0.07 33.24 53.29 3.21 200.26 311.06 42.69 0.0 42.69
2023-09-16_16:30:00 0.2 33.01 55.21 2.92 188.6 311.06 42.69 0.0 42.69
2023-09-16_16:45:00 0.24 32.32 59.03 3.28 174.66 188.11 34.95 0.0 34.95
2023-09-16_17:00:00 0.08 31.8 62.28 3.92 169.24 188.11 34.95 0.0 34.95
2023-09-16_17:15:00 0.06 30.85 66.92 3.61 163.72 71.17 22.38 0.0 22.38
2023-09-16_17:30:00 0.06 30.47 69.17 3.83 155.51 71.17 22.38 0.0 22.38
2023-09-16_17:45:00 0.16 29.28 74.1 3.75 148.24 0.0 0.0 0.0 0.0
2023-09-16_18:00:00 0.25 28.9 76.31 3.54 145.72 0.0 0.0 0.0 0.0
2023-09-16_18:15:00 0.25 28.65 77.97 3.32 147.18 0.0 0.0 0.0 0.0
2023-09-16_18:30:00 0.24 28.49 78.57 3.56 148.25 0.0 0.0 0.0 0.0
2023-09-16_18:45:00 0.23 28.3 79.43 3.18 146.21 0.0 0.0 0.0 0.0
2023-09-16_19:00:00 0.14 28.15 80.17 2.79 147.54 0.0 0.0 0.0 0.0
2023-09-16_19:15:00 0.04 27.81 81.49 2.86 147.9 0.0 0.0 0.0 0.0
2023-09-16_19:30:00 0.07 27.68 81.97 3.11 151.88 0.0 0.0 0.0 0.0
2023-09-16_19:45:00 0.09 27.54 82.32 3.39 157.24 0.0 0.0 0.0 0.0
2023-09-16_20:00:00 0.14 27.41 82.7 2.99 157.8 0.0 0.0 0.0 0.0
2023-09-16_20:15:00 0.09 27.28 83.13 2.8 150.8 0.0 0.0 0.0 0.0
2023-09-16_20:30:00 0.06 27.28 82.63 3.34 156.36 0.0 0.0 0.0 0.0
2023-09-16_20:45:00 0.05 27.05 83.22 2.84 169.02 0.0 0.0 0.0 0.0
2023-09-16_21:00:00 0.04 26.95 83.38 2.41 174.42 0.0 0.0 0.0 0.0
2023-09-16_21:15:00 0.05 26.8 83.81 2.33 165.82 0.0 0.0 0.0 0.0
2023-09-16_21:30:00 0.12 26.77 83.8 2.2 171.32 0.0 0.0 0.0 0.0
2023-09-16_21:45:00 0.19 26.72 83.85 1.93 188.24 0.0 0.0 0.0 0.0
2023-09-16_22:00:00 0.09 26.71 83.6 2.19 183.59 0.0 0.0 0.0 0.0
2023-09-16_22:15:00 0.05 26.55 84.08 2.14 175.31 0.0 0.0 0.0 0.0
2023-09-16_22:30:00 0.05 26.46 84.48 1.67 172.87 0.0 0.0 0.0 0.0
2023-09-16_22:45:00 0.07 26.35 84.86 1.41 165.21 0.0 0.0 0.0 0.0
2023-09-16_23:00:00 0.08 26.29 85.13 1.3 175.41 0.0 0.0 0.0 0.0
2023-09-16_23:15:00 0.08 26.2 85.56 1.22 189.98 0.0 0.0 0.0 0.0
2023-09-16_23:30:00 0.07 26.12 85.77 1.35 206.43 0.0 0.0 0.0 0.0
2023-09-16_23:45:00 0.05 26.23 84.84 1.74 219.01 0.0 0.0 0.0 0.0
2023-09-17_00:00:00 0.03 26.45 82.87 2.21 228.16 0.0 0.0 0.0 0.0
2023-09-17_00:15:00 0.03 26.26 83.22 2.02 228.75 0.0 0.0 0.0 0.0
2023-09-17_00:30:00 0.04 26.18 83.21 1.94 239.26 0.0 0.0 0.0 0.0
2023-09-17_00:45:00 0.03 26.22 82.29 2.55 248.15 0.0 0.0 0.0 0.0
2023-09-17_01:00:00 0.02 26.23 81.55 3.05 250.44 0.0 0.0 0.0 0.0
2023-09-17_01:15:00 0.02 26.16 81.21 3.16 255.0 0.0 0.0 0.0 0.0
2023-09-17_01:30:00 0.04 26.08 81.23 2.84 257.65 0.0 0.0 0.0 0.0
2023-09-17_01:45:00 0.08 26.03 81.08 2.7 254.7 0.0 0.0 0.0 0.0
2023-09-17_02:00:00 0.09 25.98 81.04 2.69 249.57 0.0 0.0 0.0 0.0
2023-09-17_02:15:00 0.11 25.96 80.93 2.93 248.73 0.0 0.0 0.0 0.0
2023-09-17_02:30:00 0.09 25.97 80.63 3.35 252.83 0.0 0.0 0.0 0.0
2023-09-17_02:45:00 0.09 25.98 80.45 3.65 253.51 0.0 0.0 0.0 0.0
2023-09-17_03:00:00 0.1 25.99 80.32 3.88 251.43 0.0 0.0 0.0 0.0
2023-09-17_03:15:00 0.1 25.99 80.27 4.11 246.45 0.0 0.0 0.0 0.0
2023-09-17_03:30:00 0.13 25.95 80.4 4.2 244.8 0.0 0.0 0.0 0.0
2023-09-17_03:45:00 0.16 25.88 80.56 4.21 248.14 0.0 0.0 0.0 0.0
2023-09-17_04:00:00 0.2 25.88 80.31 4.17 250.89 0.0 0.0 0.0 0.0
2023-09-17_04:15:00 0.17 25.84 80.33 4.05 250.86 0.0 0.0 0.0 0.0
2023-09-17_04:30:00 0.21 25.87 80.04 4.24 252.16 0.0 0.0 0.0 0.0
2023-09-17_04:45:00 0.17 25.94 79.5 4.47 253.82 0.0 0.0 0.0 0.0
2023-09-17_05:00:00 0.12 25.89 79.71 4.39 254.63 0.0 0.0 0.0 0.0
2023-09-17_05:15:00 0.14 25.89 79.72 4.46 255.93 0.0 0.0 0.0 0.0
2023-09-17_05:30:00 0.11 25.94 79.38 4.77 255.46 0.0 0.0 0.0 0.0
2023-09-17_05:45:00 0.11 26.12 78.81 4.92 255.23 13.85 164.29 155.99 8.31
2023-09-17_06:00:00 0.13 26.1 78.9 4.88 255.08 13.85 160.98 152.67 8.31
2023-09-17_06:15:00 0.17 26.92 75.96 4.81 250.19 115.51 498.32 470.07 28.25
2023-09-17_06:30:00 0.19 27.06 75.52 4.72 251.94 115.51 483.85 455.6 28.25
2023-09-17_06:45:00 0.11 27.74 73.05 5.54 253.11 237.34 600.02 561.64 38.39
2023-09-17_07:00:00 0.08 28.03 71.89 5.65 251.25 237.34 576.72 538.34 38.39
2023-09-17_07:15:00 0.12 28.75 69.12 5.81 249.87 362.34 619.94 574.87 45.07
2023-09-17_07:30:00 0.12 29.12 67.44 5.8 247.35 362.34 588.89 543.82 45.07
2023-09-17_07:45:00 0.08 29.74 65.01 6.06 246.14 483.95 595.45 545.44 50.02
2023-09-17_08:00:00 0.16 30.07 63.64 6.15 246.75 483.95 557.58 507.56 50.02
2023-09-17_08:15:00 0.16 30.54 61.92 6.37 244.58 598.34 542.01 488.15 53.86
2023-09-17_08:30:00 0.22 30.78 60.94 6.18 244.47 598.34 498.26 444.4 53.86
2023-09-17_08:45:00 0.19 31.19 59.47 6.34 243.38 702.62 467.81 410.89 56.92
2023-09-17_09:00:00 0.14 31.43 58.52 6.29 245.51 702.62 419.17 362.25 56.92
2023-09-17_09:15:00 0.19 31.85 57.19 6.13 249.73 795.07 378.55 319.21 59.34
2023-09-17_09:30:00 0.24 32.14 56.24 5.95 252.81 795.07 326.05 266.71 59.34
2023-09-17_09:45:00 0.19 32.49 55.11 5.98 249.51 871.51 280.85 215.11 65.75
2023-09-17_10:00:00 0.19 32.74 54.29 5.88 247.13 871.51 226.18 160.44 65.75
2023-09-17_10:15:00 0.26 33.04 53.36 5.42 250.59 933.05 169.99 107.31 62.68
2023-09-17_10:30:00 0.24 33.24 52.67 5.01 246.64 933.05 114.79 52.11 62.68
2023-09-17_10:45:00 0.1 33.49 51.81 5.35 240.87 975.83 63.68 0.0 63.68
2023-09-17_11:00:00 0.13 33.69 51.02 5.04 243.35 975.83 63.68 0.0 63.68
2023-09-17_11:15:00 0.21 33.93 50.09 4.75 250.6 1000.52 64.18 0.0 64.18
2023-09-17_11:30:00 0.18 34.12 49.32 4.38 247.29 1000.52 64.18 0.0 64.18
2023-09-17_11:45:00 0.19 34.29 48.63 4.15 247.5 993.74 94.86 0.0 94.86
2023-09-17_12:00:00 0.11 34.47 48.03 4.34 249.02 993.74 94.86 0.0 94.86
2023-09-17_12:15:00 0.14 34.65 47.56 4.14 248.33 990.44 64.65 0.0 64.65
2023-09-17_12:30:00 0.15 34.81 47.15 4.12 245.01 990.44 64.65 0.0 64.65
2023-09-17_12:45:00 0.09 34.84 47.05 4.03 239.02 920.42 94.28 0.0 94.28
2023-09-17_13:00:00 0.07 34.93 46.84 3.77 237.26 920.42 94.28 0.0 94.28
2023-09-17_13:15:00 0.12 35.01 46.76 3.46 232.71 893.36 70.22 0.0 70.22
2023-09-17_13:30:00 0.14 35.02 47.02 3.13 226.72 893.36 70.22 0.0 70.22
2023-09-17_13:45:00 0.16 34.68 48.52 2.23 225.21 720.22 59.62 0.0 59.62
2023-09-17_14:00:00 0.07 34.35 50.23 1.74 224.47 720.22 59.62 0.0 59.62
2023-09-17_14:15:00 0.05 33.3 54.34 0.87 273.51 365.74 46.96 0.0 46.96
2023-09-17_14:30:00 0.33 32.38 59.5 2.58 323.25 365.74 46.96 0.0 46.96
2023-09-17_14:45:00 0.41 30.51 69.19 4.92 344.72 182.31 113.58 0.0 113.58
2023-09-17_15:00:00 0.45 29.46 74.21 4.79 3.29 182.31 113.58 0.0 113.58
2023-09-17_15:15:00 0.34 28.69 76.03 5.01 18.65 65.95 51.1 0.0 51.1
2023-09-17_15:30:00 0.33 28.38 77.24 4.27 29.16 65.95 51.1 0.0 51.1
2023-09-17_15:45:00 0.3 29.0 75.64 3.92 57.73 244.57 151.91 0.0 151.91
2023-09-17_16:00:00 0.35 29.39 75.01 4.04 40.02 244.57 151.91 0.0 151.91
2023-09-17_16:15:00 0.45 29.37 75.59 3.71 23.8 244.23 46.2 0.0 46.2
2023-09-17_16:30:00 0.51 29.41 75.65 3.44 23.44 244.23 46.2 0.0 46.2
2023-09-17_16:45:00 0.39 29.25 76.66 2.96 37.71 83.65 20.91 0.0 20.91
2023-09-17_17:00:00 0.29 29.25 77.09 2.25 31.04 83.65 20.91 0.0 20.91
2023-09-17_17:15:00 0.3 28.99 78.42 1.85 37.62 63.37 22.76 0.0 22.76
2023-09-17_17:30:00 0.31 28.91 78.64 2.02 48.73 63.37 22.76 0.0 22.76
2023-09-17_17:45:00 0.37 28.08 82.43 1.73 54.43 0.0 0.0 0.0 0.0
2023-09-17_18:00:00 0.53 27.96 83.32 1.23 83.2 0.0 0.0 0.0 0.0
2023-09-17_18:15:00 0.39 28.14 82.42 1.59 75.78 0.0 0.0 0.0 0.0
2023-09-17_18:30:00 0.3 27.93 82.86 2.23 85.95 0.0 0.0 0.0 0.0
2023-09-17_18:45:00 0.44 27.65 84.09 2.32 108.07 0.0 0.0 0.0 0.0
2023-09-17_19:00:00 0.48 27.52 84.73 2.49 121.72 0.0 0.0 0.0 0.0
2023-09-17_19:15:00 0.45 27.57 84.58 2.4 111.47 0.0 0.0 0.0 0.0
2023-09-17_19:30:00 0.44 27.46 85.61 2.26 134.27 0.0 0.0 0.0 0.0
2023-09-17_19:45:00 0.54 27.17 87.79 2.48 138.31 0.0 0.0 0.0 0.0
2023-09-17_20:00:00 0.43 27.1 88.85 1.94 136.14 0.0 0.0 0.0 0.0
2023-09-17_20:15:00 0.44 27.0 90.12 1.52 163.04 0.0 0.0 0.0 0.0
2023-09-17_20:30:00 0.41 26.93 90.56 2.06 141.02 0.0 0.0 0.0 0.0
2023-09-17_20:45:00 0.32 26.9 91.09 2.29 128.23 0.0 0.0 0.0 0.0
2023-09-17_21:00:00 0.23 26.87 91.42 1.96 148.89 0.0 0.0 0.0 0.0
2023-09-17_21:15:00 0.24 26.98 91.25 1.86 170.9 0.0 0.0 0.0 0.0
2023-09-17_21:30:00 0.23 26.92 91.63 1.4 177.03 0.0 0.0 0.0 0.0
2023-09-17_21:45:00 0.37 26.74 92.82 1.04 186.09 0.0 0.0 0.0 0.0
2023-09-17_22:00:00 0.31 26.68 92.66 1.35 136.93 0.0 0.0 0.0 0.0
2023-09-17_22:15:00 0.36 26.22 93.91 0.38 97.64 0.0 0.0 0.0 0.0
2023-09-17_22:30:00 0.24 26.18 93.85 0.55 41.4 0.0 0.0 0.0 0.0
2023-09-17_22:45:00 0.23 26.07 93.98 0.71 28.9 0.0 0.0 0.0 0.0
2023-09-17_23:00:00 0.22 26.01 93.84 0.36 36.78 0.0 0.0 0.0 0.0
2023-09-17_23:15:00 0.22 25.85 94.08 0.67 34.66 0.0 0.0 0.0 0.0
2023-09-17_23:30:00 0.2 25.85 93.85 1.28 336.47 0.0 0.0 0.0 0.0
2023-09-17_23:45:00 0.16 25.86 93.54 1.57 329.12 0.0 0.0 0.0 0.0
2023-09-18_00:00:00 0.15 25.75 93.44 1.52 317.81 0.0 0.0 0.0 0.0
2023-09-18_00:15:00 0.15 25.61 93.36 1.31 318.06 0.0 0.0 0.0 0.0
2023-09-18_00:30:00 0.14 25.56 93.32 1.06 332.52 0.0 0.0 0.0 0.0
2023-09-18_00:45:00 0.14 25.63 92.89 1.65 336.31 0.0 0.0 0.0 0.0
2023-09-18_01:00:00 0.17 25.58 92.64 1.9 330.19 0.0 0.0 0.0 0.0
2023-09-18_01:15:00 0.19 25.53 92.56 1.9 328.87 0.0 0.0 0.0 0.0
2023-09-18_01:30:00 0.19 25.46 92.5 1.86 328.62 0.0 0.0 0.0 0.0
2023-09-18_01:45:00 0.17 25.31 92.58 1.54 318.16 0.0 0.0 0.0 0.0
2023-09-18_02:00:00 0.12 25.28 92.05 1.19 312.83 0.0 0.0 0.0 0.0
2023-09-18_02:15:00 0.12 25.34 91.37 1.2 277.83 0.0 0.0 0.0 0.0
2023-09-18_02:30:00 0.17 25.34 90.87 1.12 254.29 0.0 0.0 0.0 0.0
2023-09-18_02:45:00 0.22 25.41 90.24 0.75 231.07 0.0 0.0 0.0 0.0
2023-09-18_03:00:00 0.22 25.29 90.74 0.82 209.45 0.0 0.0 0.0 0.0
2023-09-18_03:15:00 0.17 25.24 90.88 0.72 229.42 0.0 0.0 0.0 0.0
2023-09-18_03:30:00 0.19 25.11 91.44 0.96 227.4 0.0 0.0 0.0 0.0
2023-09-18_03:45:00 0.2 25.11 91.36 0.83 223.05 0.0 0.0 0.0 0.0
2023-09-18_04:00:00 0.17 25.05 91.41 0.82 257.75 0.0 0.0 0.0 0.0
2023-09-18_04:15:00 0.17 25.05 91.22 0.82 278.4 0.0 0.0 0.0 0.0
2023-09-18_04:30:00 0.13 25.01 91.18 1.16 278.66 0.0 0.0 0.0 0.0
2023-09-18_04:45:00 0.1 24.99 91.29 1.45 265.0 0.0 0.0 0.0 0.0
2023-09-18_05:00:00 0.12 24.92 91.48 1.47 257.78 0.0 0.0 0.0 0.0
2023-09-18_05:15:00 0.12 24.99 91.12 1.55 263.13 0.0 0.0 0.0 0.0
2023-09-18_05:30:00 0.12 25.01 90.62 1.5 269.88 0.0 0.0 0.0 0.0
2023-09-18_05:45:00 0.14 25.23 90.15 1.31 267.97 13.75 126.84 117.25 9.6
2023-09-18_06:00:00 0.13 25.23 89.87 1.68 271.99 13.75 124.33 114.74 9.6
2023-09-18_06:15:00 0.15 26.43 84.05 2.05 280.42 96.78 213.52 143.9 69.62
2023-09-18_06:30:00 0.14 26.51 84.09 2.27 276.78 96.78 209.06 139.43 69.62
2023-09-18_06:45:00 0.15 26.99 82.01 2.24 280.75 181.04 354.61 269.89 84.72
2023-09-18_07:00:00 0.15 27.22 81.07 1.96 288.54 181.04 343.34 258.62 84.72
