time clf t2 rh ws wd ghi poa_global poa_direct poa_diffuse
2023-08-29_07:00:00 0.74 25.93 92.51 2.5 214.72 0.0 0.0 0.0 0.0
2023-08-29_07:15:00 0.7 26.85 88.56 2.85 226.62 314.73 658.47 615.67 42.8
2023-08-29_07:30:00 0.67 27.09 87.32 2.96 230.75 314.73 631.03 588.23 42.8
2023-08-29_07:45:00 0.65 27.52 85.32 3.19 232.18 347.64 406.28 168.28 237.99
2023-08-29_08:00:00 0.61 27.78 83.85 3.39 235.39 347.64 396.65 158.65 237.99
2023-08-29_08:15:00 0.59 28.17 81.99 3.59 233.67 424.34 431.42 87.03 344.4
2023-08-29_08:30:00 0.59 28.43 80.4 3.57 239.91 424.34 425.07 80.68 344.4
2023-08-29_08:45:00 0.6 28.85 78.41 3.59 250.6 500.02 489.74 32.98 456.76
2023-08-29_09:00:00 0.62 29.14 76.8 4.0 252.51 500.02 486.65 29.89 456.76
2023-08-29_09:15:00 0.63 29.59 74.75 4.32 251.91 622.55 578.71 56.75 521.96
2023-08-29_09:30:00 0.64 29.92 72.88 4.44 250.26 622.55 571.69 49.73 521.96
2023-08-29_09:45:00 0.63 30.26 70.87 4.48 251.06 654.4 627.52 15.38 612.14
2023-08-29_10:00:00 0.62 30.55 69.04 4.55 254.58 654.4 624.86 12.72 612.14
2023-08-29_10:15:00 0.59 31.01 66.86 4.85 256.07 804.28 654.94 46.36 608.58
2023-08-29_10:30:00 0.59 31.32 65.15 4.76 256.67 804.28 642.39 33.81 608.58
2023-08-29_10:45:00 0.59 31.71 63.25 4.78 258.75 901.71 582.69 37.26 545.43
2023-08-29_11:00:00 0.66 32.03 61.62 4.7 257.86 901.71 561.79 16.37 545.43
2023-08-29_11:15:00 0.69 32.17 60.66 4.67 256.18 724.77 443.4 0.0 443.4
2023-08-29_11:30:00 0.65 32.38 59.59 4.85 254.44 724.77 443.4 0.0 443.4
2023-08-29_11:45:00 0.63 32.55 58.71 4.9 253.7 758.86 149.42 0.0 149.42
2023-08-29_12:00:00 0.6 32.72 57.81 4.97 252.99 758.86 149.42 0.0 149.42
2023-08-29_12:15:00 0.6 32.96 56.71 4.95 252.65 790.26 92.41 0.0 92.41
2023-08-29_12:30:00 0.58 33.13 55.83 5.02 252.18 790.26 92.41 0.0 92.41
2023-08-29_12:45:00 0.57 33.06 55.88 4.77 250.61 583.4 91.56 0.0 91.56
2023-08-29_13:00:00 0.54 33.18 55.26 4.74 248.5 583.4 91.56 0.0 91.56
2023-08-29_13:15:00 0.53 33.43 53.98 4.92 246.59 759.21 191.48 0.0 191.48
2023-08-29_13:30:00 0.5 33.55 53.42 5.06 244.34 759.21 191.48 0.0 191.48
2023-08-29_13:45:00 0.53 33.69 52.68 5.01 243.12 756.6 361.8 0.0 361.8
2023-08-29_14:00:00 0.54 33.81 52.17 5.03 241.58 756.6 361.8 0.0 361.8
2023-08-29_14:15:00 0.53 33.46 53.33 4.76 240.34 528.36 176.63 0.0 176.63
2023-08-29_14:30:00 0.49 33.5 53.33 4.97 239.28 528.36 176.63 0.0 176.63
2023-08-29_14:45:00 0.51 33.36 54.03 4.82 239.53 315.64 50.68 0.0 50.68
2023-08-29_15:00:00 0.45 33.31 54.5 5.18 237.83 315.64 50.68 0.0 50.68
2023-08-29_15:15:00 0.47 33.2 55.2 5.11 235.28 356.31 44.37 0.0 44.37
2023-08-29_15:30:00 0.45 33.1 55.9 5.36 232.31 356.31 44.37 0.0 44.37
2023-08-29_15:45:00 0.43 32.83 57.24 5.49 229.01 266.89 47.59 0.0 47.59
2023-08-29_16:00:00 0.43 32.79 57.71 5.54 227.42 266.89 47.59 0.0 47.59
2023-08-29_16:15:00 0.43 32.59 58.82 5.61 226.58 224.52 36.84 0.0 36.84
2023-08-29_16:30:00 0.44 32.5 59.5 5.63 224.55 224.52 36.84 0.0 36.84
2023-08-29_16:45:00 0.42 32.44 60.23 5.51 221.52 259.34 39.64 0.0 39.64
2023-08-29_17:00:00 0.38 32.24 61.42 5.71 226.94 259.34 39.64 0.0 39.64
2023-08-29_17:15:00 0.42 31.41 65.27 5.01 233.93 143.78 34.02 0.0 34.02
2023-08-29_17:30:00 0.45 31.02 67.18 4.96 235.3 143.78 34.02 0.0 34.02
2023-08-29_17:45:00 0.42 30.18 70.02 4.79 230.81 37.61 17.12 0.0 17.12
2023-08-29_18:00:00 0.69 30.03 70.63 4.7 236.68 37.61 17.12 0.0 17.12
2023-08-29_18:15:00 0.73 29.77 70.22 4.73 239.32 0.0 0.0 0.0 0.0
2023-08-29_18:30:00 0.66 29.21 72.66 4.08 247.58 0.0 0.0 0.0 0.0
2023-08-29_18:45:00 0.62 28.64 75.28 3.99 258.74 0.0 0.0 0.0 0.0
2023-08-29_19:00:00 0.74 28.19 77.54 4.06 270.39 0.0 0.0 0.0 0.0
2023-08-29_19:15:00 0.81 27.77 80.09 3.24 272.69 0.0 0.0 0.0 0.0
2023-08-29_19:30:00 0.82 27.56 81.46 2.77 263.91 0.0 0.0 0.0 0.0
2023-08-29_19:45:00 0.85 27.32 82.75 2.75 260.25 0.0 0.0 0.0 0.0
2023-08-29_20:00:00 0.85 27.24 83.31 2.74 261.3 0.0 0.0 0.0 0.0
2023-08-29_20:15:00 0.87 27.13 84.48 2.23 258.42 0.0 0.0 0.0 0.0
2023-08-29_20:30:00 0.85 27.02 85.71 1.74 256.55 0.0 0.0 0.0 0.0
2023-08-29_20:45:00 0.82 26.98 86.23 1.38 257.53 0.0 0.0 0.0 0.0
2023-08-29_21:00:00 0.78 26.93 86.98 1.36 248.84 0.0 0.0 0.0 0.0
2023-08-29_21:15:00 0.75 26.85 87.38 1.53 237.9 0.0 0.0 0.0 0.0
2023-08-29_21:30:00 0.76 26.82 86.73 1.84 218.34 0.0 0.0 0.0 0.0
2023-08-29_21:45:00 0.77 26.9 85.54 2.27 208.91 0.0 0.0 0.0 0.0
2023-08-29_22:00:00 0.73 26.91 85.15 2.46 208.53 0.0 0.0 0.0 0.0
2023-08-29_22:15:00 0.7 26.8 85.42 2.66 207.19 0.0 0.0 0.0 0.0
2023-08-29_22:30:00 0.71 26.74 85.68 2.72 212.07 0.0 0.0 0.0 0.0
2023-08-29_22:45:00 0.69 26.6 86.4 2.79 219.21 0.0 0.0 0.0 0.0
2023-08-29_23:00:00 0.65 26.53 86.83 2.92 219.08 0.0 0.0 0.0 0.0
2023-08-29_23:15:00 0.65 26.32 88.02 2.79 218.43 0.0 0.0 0.0 0.0
2023-08-29_23:30:00 0.63 26.26 88.48 2.89 216.85 0.0 0.0 0.0 0.0
2023-08-29_23:45:00 0.67 26.05 89.77 2.71 215.59 0.0 0.0 0.0 0.0
2023-08-30_00:00:00 0.7 25.94 90.58 2.58 216.85 0.0 0.0 0.0 0.0
2023-08-30_00:15:00 0.68 25.96 90.58 2.9 217.03 0.0 0.0 0.0 0.0
2023-08-30_00:30:00 0.65 25.95 90.8 3.22 214.85 0.0 0.0 0.0 0.0
2023-08-30_00:45:00 0.74 25.85 91.42 3.05 214.94 0.0 0.0 0.0 0.0
2023-08-30_01:00:00 0.86 25.71 92.27 2.71 218.02 0.0 0.0 0.0 0.0
2023-08-30_01:15:00 0.9 25.58 92.92 2.66 217.68 0.0 0.0 0.0 0.0
2023-08-30_01:30:00 0.87 25.45 93.59 2.49 215.02 0.0 0.0 0.0 0.0
2023-08-30_01:45:00 0.87 25.34 93.96 2.42 212.67 0.0 0.0 0.0 0.0
2023-08-30_02:00:00 0.9 25.18 94.75 2.11 215.74 0.0 0.0 0.0 0.0
2023-08-30_02:15:00 0.9 25.24 94.64 1.88 213.18 0.0 0.0 0.0 0.0
2023-08-30_02:30:00 0.78 25.31 94.26 2.45 209.56 0.0 0.0 0.0 0.0
2023-08-30_02:45:00 0.82 25.25 94.59 2.28 209.19 0.0 0.0 0.0 0.0
2023-08-30_03:00:00 0.83 25.21 94.89 2.16 208.76 0.0 0.0 0.0 0.0
2023-08-30_03:15:00 0.84 25.25 95.06 1.99 208.94 0.0 0.0 0.0 0.0
2023-08-30_03:30:00 0.8 25.2 95.35 1.92 210.29 0.0 0.0 0.0 0.0
2023-08-30_03:45:00 0.79 25.0 96.01 1.78 209.48 0.0 0.0 0.0 0.0
2023-08-30_04:00:00 0.78 24.96 96.25 1.74 203.35 0.0 0.0 0.0 0.0
2023-08-30_04:15:00 0.76 24.68 97.14 1.79 202.94 0.0 0.0 0.0 0.0
2023-08-30_04:30:00 0.76 24.62 97.41 1.8 204.4 0.0 0.0 0.0 0.0
2023-08-30_04:45:00 0.76 24.43 97.75 1.65 198.27 0.0 0.0 0.0 0.0
2023-08-30_05:00:00 0.71 24.34 98.03 1.63 203.97 0.0 0.0 0.0 0.0
2023-08-30_05:15:00 0.71 24.27 98.02 1.54 201.61 0.0 0.0 0.0 0.0
2023-08-30_05:30:00 0.68 24.2 98.14 1.42 196.3 0.0 0.0 0.0 0.0
2023-08-30_05:45:00 0.58 24.36 98.03 1.83 204.22 0.0 0.0 0.0 0.0
2023-08-30_06:00:00 0.57 24.35 98.17 1.9 209.91 0.0 0.0 0.0 0.0
2023-08-30_06:15:00 0.59 25.08 96.41 2.24 212.78 54.1 274.81 251.48 23.34
2023-08-30_06:30:00 0.56 25.16 96.43 1.98 212.75 54.1 268.65 245.31 23.34
2023-08-30_06:45:00 0.59 25.62 95.21 2.4 220.31 158.92 466.18 422.4 43.78
2023-08-30_07:00:00 0.55 25.78 94.93 2.86 218.19 158.92 451.8 408.03 43.78
2023-08-30_07:15:00 0.63 26.42 92.87 2.37 224.9 268.83 537.45 482.89 54.56
2023-08-30_07:30:00 0.61 26.74 91.65 2.79 225.06 268.83 515.82 461.26 54.56
2023-08-30_07:45:00 0.63 27.36 89.31 3.23 230.86 427.0 630.88 577.56 53.32
2023-08-30_08:00:00 0.59 27.74 87.54 3.64 233.47 427.0 597.64 544.32 53.32
2023-08-30_08:15:00 0.68 28.18 85.44 3.36 235.78 445.77 488.36 435.64 52.72
2023-08-30_08:30:00 0.69 28.51 83.64 3.62 238.11 445.77 456.38 403.66 52.72
2023-08-30_08:45:00 0.59 28.85 81.78 4.16 240.21 500.27 415.75 349.5 66.25
2023-08-30_09:00:00 0.64 29.18 79.83 4.22 243.8 500.27 382.74 316.49 66.25
2023-08-30_09:15:00 0.58 29.42 78.18 4.44 246.82 356.68 234.7 165.87 68.84
2023-08-30_09:30:00 0.62 29.7 76.45 4.6 250.99 356.68 214.0 145.16 68.84
2023-08-30_09:45:00 0.68 29.96 74.94 4.56 252.88 352.48 179.73 111.52 68.22
2023-08-30_10:00:00 0.64 30.15 73.67 4.83 249.61 352.48 160.26 92.04 68.22
2023-08-30_10:15:00 0.68 30.57 71.83 4.8 250.38 659.23 222.34 135.98 86.36
2023-08-30_10:30:00 0.74 30.81 70.72 4.86 250.62 659.23 184.94 98.58 86.36
2023-08-30_10:45:00 0.69 30.9 69.94 4.73 251.28 565.28 124.4 50.04 74.36
2023-08-30_11:00:00 0.63 31.06 69.01 4.7 252.28 565.28 95.47 21.11 74.36
2023-08-30_11:15:00 0.6 31.51 66.94 5.0 245.47 777.3 72.58 0.0 72.58
2023-08-30_11:30:00 0.6 31.71 65.97 5.36 241.0 777.3 72.58 0.0 72.58
2023-08-30_11:45:00 0.65 32.01 64.62 5.24 246.69 817.13 58.9 0.0 58.9
2023-08-30_12:00:00 0.54 32.13 64.08 5.03 254.8 817.13 58.9 0.0 58.9
2023-08-30_12:15:00 0.51 32.07 64.51 4.34 260.47 786.42 101.96 0.0 101.96
2023-08-30_12:30:00 0.53 32.08 64.54 3.38 264.04 786.42 101.96 0.0 101.96
2023-08-30_12:45:00 0.54 32.28 63.85 3.35 262.11 778.41 127.06 0.0 127.06
2023-08-30_13:00:00 0.53 32.04 65.44 3.92 259.85 778.41 127.06 0.0 127.06
2023-08-30_13:15:00 0.58 31.01 70.11 4.48 263.22 487.96 85.6 0.0 85.6
2023-08-30_13:30:00 0.64 30.2 73.5 5.39 262.78 487.96 85.6 0.0 85.6
2023-08-30_13:45:00 0.79 29.41 75.96 5.93 268.59 184.2 99.88 0.0 99.88
2023-08-30_14:00:00 0.68 29.31 75.67 5.22 267.07 184.2 99.88 0.0 99.88
2023-08-30_14:15:00 0.7 29.26 75.79 4.43 267.03 228.21 180.86 0.0 180.86
2023-08-30_14:30:00 0.66 29.37 75.42 4.48 262.12 228.21 180.86 0.0 180.86
2023-08-30_14:45:00 0.72 29.57 74.53 4.51 247.39 199.94 197.73 0.0 197.73
2023-08-30_15:00:00 0.79 29.79 73.18 4.48 236.68 199.94 197.73 0.0 197.73
2023-08-30_15:15:00 0.78 30.07 71.46 4.05 246.7 191.71 190.62 0.0 190.62
2023-08-30_15:30:00 0.81 30.26 70.18 3.74 261.58 191.71 190.62 0.0 190.62
2023-08-30_15:45:00 0.76 30.39 69.45 4.77 256.87 251.3 249.65 0.0 249.65
2023-08-30_16:00:00 0.83 30.03 70.99 5.71 249.45 251.3 249.65 0.0 249.65
2023-08-30_16:15:00 0.87 29.48 72.71 6.22 248.8 204.01 147.8 0.0 147.8
2023-08-30_16:30:00 0.96 29.08 74.26 6.2 249.0 204.01 147.8 0.0 147.8
2023-08-30_16:45:00 0.92 28.33 77.55 5.26 249.75 73.21 72.49 0.0 72.49
2023-08-30_17:00:00 0.9 28.02 79.27 4.71 249.52 73.21 72.49 0.0 72.49
2023-08-30_17:15:00 0.89 27.61 81.24 3.64 246.75 40.89 39.98 0.0 39.98
2023-08-30_17:30:00 0.8 27.52 81.92 3.25 245.05 40.89 39.98 0.0 39.98
2023-08-30_17:45:00 0.9 27.29 83.88 2.36 243.56 24.25 21.07 0.0 21.07
2023-08-30_18:00:00 0.96 27.26 84.52 2.0 246.56 24.25 21.07 0.0 21.07
2023-08-30_18:15:00 0.94 26.9 86.21 1.89 255.6 0.0 0.0 0.0 0.0
2023-08-30_18:30:00 0.96 26.81 87.24 1.62 260.93 0.0 0.0 0.0 0.0
2023-08-30_18:45:00 0.96 26.77 88.22 1.3 243.58 0.0 0.0 0.0 0.0
2023-08-30_19:00:00 0.97 26.73 88.83 0.96 231.49 0.0 0.0 0.0 0.0
2023-08-30_19:15:00 0.9 26.7 89.22 1.1 234.23 0.0 0.0 0.0 0.0
2023-08-30_19:30:00 0.86 26.5 90.87 1.14 231.9 0.0 0.0 0.0 0.0
2023-08-30_19:45:00 0.88 26.31 92.56 0.75 235.72 0.0 0.0 0.0 0.0
2023-08-30_20:00:00 0.89 26.25 93.41 0.41 224.94 0.0 0.0 0.0 0.0
2023-08-30_20:15:00 0.85 26.26 93.66 0.73 175.64 0.0 0.0 0.0 0.0
2023-08-30_20:30:00 0.83 26.26 93.21 1.16 171.41 0.0 0.0 0.0 0.0
2023-08-30_20:45:00 0.88 26.26 93.64 1.11 173.3 0.0 0.0 0.0 0.0
2023-08-30_21:00:00 0.87 26.29 93.47 1.19 176.33 0.0 0.0 0.0 0.0
2023-08-30_21:15:00 0.85 26.28 93.32 1.47 178.15 0.0 0.0 0.0 0.0
2023-08-30_21:30:00 0.82 26.34 92.46 2.08 170.45 0.0 0.0 0.0 0.0
2023-08-30_21:45:00 0.78 26.38 92.05 2.32 167.96 0.0 0.0 0.0 0.0
2023-08-30_22:00:00 0.72 26.42 91.9 2.27 173.04 0.0 0.0 0.0 0.0
2023-08-30_22:15:00 0.7 26.46 91.71 2.31 183.54 0.0 0.0 0.0 0.0
2023-08-30_22:30:00 0.71 26.49 91.46 2.44 190.15 0.0 0.0 0.0 0.0
2023-08-30_22:45:00 0.74 26.45 91.59 2.38 196.1 0.0 0.0 0.0 0.0
2023-08-30_23:00:00 0.74 26.36 92.18 2.1 209.63 0.0 0.0 0.0 0.0
2023-08-30_23:15:00 0.72 26.26 92.72 1.96 220.01 0.0 0.0 0.0 0.0
2023-08-30_23:30:00 0.71 26.22 92.76 2.17 219.46 0.0 0.0 0.0 0.0
2023-08-30_23:45:00 0.73 26.1 93.02 2.41 219.43 0.0 0.0 0.0 0.0
2023-08-31_00:00:00 0.73 26.07 92.96 2.72 220.76 0.0 0.0 0.0 0.0
2023-08-31_00:15:00 0.74 25.95 93.29 2.88 226.43 0.0 0.0 0.0 0.0
2023-08-31_00:30:00 0.76 25.92 93.27 3.07 229.4 0.0 0.0 0.0 0.0
2023-08-31_00:45:00 0.76 25.88 93.29 3.21 229.87 0.0 0.0 0.0 0.0
2023-08-31_01:00:00 0.76 25.83 93.41 3.09 231.14 0.0 0.0 0.0 0.0
2023-08-31_01:15:00 0.76 25.83 93.42 3.07 236.26 0.0 0.0 0.0 0.0
2023-08-31_01:30:00 0.76 25.8 93.5 3.16 237.27 0.0 0.0 0.0 0.0
2023-08-31_01:45:00 0.76 25.77 93.61 3.21 235.94 0.0 0.0 0.0 0.0
2023-08-31_02:00:00 0.77 25.73 93.85 3.08 233.53 0.0 0.0 0.0 0.0
2023-08-31_02:15:00 0.75 25.67 94.25 2.84 231.34 0.0 0.0 0.0 0.0
2023-08-31_02:30:00 0.74 25.64 94.52 2.86 229.63 0.0 0.0 0.0 0.0
2023-08-31_02:45:00 0.71 25.62 94.66 2.98 229.74 0.0 0.0 0.0 0.0
2023-08-31_03:00:00 0.71 25.58 95.09 2.83 230.7 0.0 0.0 0.0 0.0
2023-08-31_03:15:00 0.71 25.54 95.47 2.67 230.9 0.0 0.0 0.0 0.0
2023-08-31_03:30:00 0.71 25.5 95.9 2.51 227.05 0.0 0.0 0.0 0.0
2023-08-31_03:45:00 0.73 25.55 95.97 2.55 223.47 0.0 0.0 0.0 0.0
2023-08-31_04:00:00 0.67 25.58 96.08 2.8 224.94 0.0 0.0 0.0 0.0
2023-08-31_04:15:00 0.66 25.6 96.3 2.58 229.76 0.0 0.0 0.0 0.0
2023-08-31_04:30:00 0.64 25.59 96.52 2.57 234.69 0.0 0.0 0.0 0.0
2023-08-31_04:45:00 0.65 25.57 96.72 2.56 234.93 0.0 0.0 0.0 0.0
2023-08-31_05:00:00 0.67 25.54 97.01 2.33 235.27 0.0 0.0 0.0 0.0
2023-08-31_05:15:00 0.64 25.5 97.37 2.26 234.13 0.0 0.0 0.0 0.0
2023-08-31_05:30:00 0.59 25.52 97.44 2.47 231.85 0.0 0.0 0.0 0.0
2023-08-31_05:45:00 0.61 25.4 97.85 2.38 227.87 0.0 0.0 0.0 0.0
2023-08-31_06:00:00 0.66 25.31 98.17 2.12 226.09 0.0 0.0 0.0 0.0
2023-08-31_06:15:00 0.65 25.88 96.28 2.87 230.62 44.11 43.86 0.01 43.86
2023-08-31_06:30:00 0.61 25.97 95.83 3.21 231.52 44.11 43.86 0.01 43.86
2023-08-31_06:45:00 0.61 26.28 94.78 3.23 229.65 93.28 95.16 3.32 91.84
2023-08-31_07:00:00 0.6 26.38 94.51 3.36 233.44 93.28 95.05 3.2 91.84
2023-08-31_07:15:00 0.61 26.63 93.61 3.51 240.84 121.99 121.3 0.01 121.29
2023-08-31_07:30:00 0.67 26.8 92.97 3.25 245.03 121.99 121.3 0.01 121.29
2023-08-31_07:45:00 0.67 27.19 91.52 3.51 241.41 226.95 226.61 2.67 223.94
2023-08-31_08:00:00 0.72 27.42 90.41 3.65 239.45 226.95 226.45 2.51 223.94
2023-08-31_08:15:00 0.66 27.97 88.22 4.06 238.22 415.16 426.73 137.96 288.77
2023-08-31_08:30:00 0.61 28.26 86.57 4.38 241.64 415.16 416.54 127.77 288.77
2023-08-31_08:45:00 0.62 28.72 84.34 4.75 246.56 527.07 455.86 284.09 171.77
2023-08-31_09:00:00 0.65 29.04 82.49 4.89 247.38 527.07 428.84 257.07 171.77
2023-08-31_09:15:00 0.6 29.38 80.66 5.2 248.5 601.5 395.07 276.0 119.07
2023-08-31_09:30:00 0.63 29.64 79.22 5.04 251.55 601.5 360.33 241.26 119.07
2023-08-31_09:45:00 0.63 29.83 78.1 4.99 255.46 538.36 292.35 156.09 136.25
2023-08-31_10:00:00 0.68 30.08 76.83 4.78 256.62 538.36 264.8 128.54 136.25
2023-08-31_10:15:00 0.61 30.27 75.71 4.48 254.98 571.03 271.43 91.15 180.28
2023-08-31_10:30:00 0.56 30.46 74.55 4.31 252.32 571.03 245.95 65.67 180.28
2023-08-31_10:45:00 0.53 30.77 73.14 4.5 251.79 634.54 127.29 55.38 71.91
2023-08-31_11:00:00 0.45 30.94 72.23 4.71 252.41 634.54 94.23 22.32 71.91
2023-08-31_11:15:00 0.6 30.77 73.09 5.19 254.15 527.3 90.66 0.0 90.66
2023-08-31_11:30:00 0.65 29.98 77.09 6.07 251.52 527.3 90.66 0.0 90.66
2023-08-31_11:45:00 0.82 28.91 80.84 6.58 242.66 539.34 153.91 0.0 153.91
2023-08-31_12:00:00 0.87 28.56 79.85 6.56 238.85 539.34 153.91 0.0 153.91
2023-08-31_12:15:00 0.85 28.24 79.23 5.89 238.07 183.27 182.04 0.0 182.04
2023-08-31_12:30:00 0.8 28.36 78.63 5.48 237.32 183.27 182.04 0.0 182.04
2023-08-31_12:45:00 0.83 28.95 77.91 4.46 232.56 403.4 400.31 0.0 400.31
2023-08-31_13:00:00 0.86 29.2 78.23 3.82 241.84 403.4 400.31 0.0 400.31
2023-08-31_13:15:00 0.88 29.21 79.46 3.75 238.63 267.37 265.74 0.0 265.74
2023-08-31_13:30:00 0.88 29.17 80.96 4.28 226.56 267.37 265.74 0.0 265.74
2023-08-31_13:45:00 0.86 29.02 81.91 4.46 219.8 192.81 191.72 0.0 191.72
2023-08-31_14:00:00 0.84 29.05 81.17 4.09 219.67 192.81 191.72 0.0 191.72
2023-08-31_14:15:00 0.75 29.16 79.35 3.96 224.56 197.42 196.26 0.0 196.26
2023-08-31_14:30:00 0.79 29.39 77.45 3.55 219.39 197.42 196.26 0.0 196.26
2023-08-31_14:45:00 0.81 30.0 74.6 3.31 241.77 304.15 302.35 0.0 302.35
2023-08-31_15:00:00 0.81 30.35 73.45 3.44 243.12 304.15 302.35 0.0 302.35
2023-08-31_15:15:00 0.84 30.56 72.83 3.07 224.99 288.58 286.87 0.0 286.87
2023-08-31_15:30:00 0.81 30.64 72.87 3.5 220.62 288.58 286.87 0.0 286.87
2023-08-31_15:45:00 0.86 30.39 74.26 3.67 226.75 172.28 171.28 0.0 171.28
2023-08-31_16:00:00 0.8 30.27 74.99 3.36 225.26 172.28 171.28 0.0 171.28
2023-08-31_16:15:00 0.77 29.72 77.94 3.07 232.85 88.49 87.98 0.0 87.98
2023-08-31_16:30:00 0.8 29.24 80.33 2.33 247.15 88.49 87.98 0.0 87.98
2023-08-31_16:45:00 0.81 28.51 84.82 1.46 304.92 40.6 40.36 0.0 40.36
2023-08-31_17:00:00 0.78 28.1 87.35 1.43 342.03 40.6 40.36 0.0 40.36
2023-08-31_17:15:00 0.8 27.63 89.43 1.98 19.8 13.58 13.5 0.0 13.5
2023-08-31_17:30:00 0.79 27.47 90.08 2.04 27.36 13.58 13.5 0.0 13.5
2023-08-31_17:45:00 0.81 27.23 91.01 2.24 21.74 2.93 2.91 0.0 2.91
2023-08-31_18:00:00 0.76 27.08 91.78 1.97 13.99 2.93 2.91 0.0 2.91
2023-08-31_18:15:00 0.79 26.87 92.88 1.76 342.2 0.0 0.0 0.0 0.0
2023-08-31_18:30:00 0.84 26.77 93.37 2.05 330.0 0.0 0.0 0.0 0.0
2023-08-31_18:45:00 0.79 26.63 94.2 2.2 327.07 0.0 0.0 0.0 0.0
2023-08-31_19:00:00 0.77 26.57 94.81 1.67 335.65 0.0 0.0 0.0 0.0
2023-08-31_19:15:00 0.78 26.46 95.09 1.86 343.52 0.0 0.0 0.0 0.0
2023-08-31_19:30:00 0.84 26.41 94.99 1.89 357.25 0.0 0.0 0.0 0.0
2023-08-31_19:45:00 0.84 26.35 95.24 1.65 12.45 0.0 0.0 0.0 0.0
2023-08-31_20:00:00 0.82 26.28 95.95 1.27 41.64 0.0 0.0 0.0 0.0
2023-08-31_20:15:00 0.78 26.12 96.49 1.69 85.22 0.0 0.0 0.0 0.0
2023-08-31_20:30:00 0.81 26.09 96.48 1.22 75.57 0.0 0.0 0.0 0.0
2023-08-31_20:45:00 0.76 26.18 95.99 1.25 54.32 0.0 0.0 0.0 0.0
2023-08-31_21:00:00 0.72 26.17 95.96 0.8 45.93 0.0 0.0 0.0 0.0
2023-08-31_21:15:00 0.72 26.23 95.59 0.22 55.26 0.0 0.0 0.0 0.0
2023-08-31_21:30:00 0.72 26.27 95.36 0.29 167.1 0.0 0.0 0.0 0.0
2023-08-31_21:45:00 0.71 26.28 95.25 0.55 203.57 0.0 0.0 0.0 0.0
2023-08-31_22:00:00 0.69 26.3 94.73 0.93 207.63 0.0 0.0 0.0 0.0
2023-08-31_22:15:00 0.68 26.19 95.3 1.23 213.12 0.0 0.0 0.0 0.0
2023-08-31_22:30:00 0.68 26.19 95.16 1.43 219.22 0.0 0.0 0.0 0.0
2023-08-31_22:45:00 0.7 26.11 95.31 1.4 229.44 0.0 0.0 0.0 0.0
2023-08-31_23:00:00 0.71 26.09 95.39 1.33 231.18 0.0 0.0 0.0 0.0
2023-08-31_23:15:00 0.69 26.05 95.38 1.41 226.32 0.0 0.0 0.0 0.0
2023-08-31_23:30:00 0.67 26.05 95.1 1.59 220.83 0.0 0.0 0.0 0.0
2023-08-31_23:45:00 0.69 25.94 95.0 1.75 213.94 0.0 0.0 0.0 0.0
2023-09-01_00:00:00 0.65 25.95 94.66 1.91 213.69 0.0 0.0 0.0 0.0
2023-09-01_00:15:00 0.62 25.88 94.42 2.03 221.54 0.0 0.0 0.0 0.0
2023-09-01_00:30:00 0.67 25.87 94.2 2.1 227.7 0.0 0.0 0.0 0.0
2023-09-01_00:45:00 0.68 25.91 93.87 2.32 231.21 0.0 0.0 0.0 0.0
2023-09-01_01:00:00 0.69 25.93 93.47 2.59 237.51 0.0 0.0 0.0 0.0
2023-09-01_01:15:00 0.7 25.96 93.12 2.81 241.25 0.0 0.0 0.0 0.0
2023-09-01_01:30:00 0.68 25.95 93.02 2.92 242.27 0.0 0.0 0.0 0.0
2023-09-01_01:45:00 0.62 25.96 92.91 3.03 238.53 0.0 0.0 0.0 0.0
2023-09-01_02:00:00 0.62 25.98 92.74 3.24 238.22 0.0 0.0 0.0 0.0
2023-09-01_02:15:00 0.62 25.96 92.85 3.2 239.35 0.0 0.0 0.0 0.0
2023-09-01_02:30:00 0.62 25.94 93.02 3.1 236.66 0.0 0.0 0.0 0.0
2023-09-01_02:45:00 0.61 25.91 93.18 3.08 234.03 0.0 0.0 0.0 0.0
2023-09-01_03:00:00 0.62 25.87 93.43 2.97 233.87 0.0 0.0 0.0 0.0
2023-09-01_03:15:00 0.6 25.71 94.05 2.76 234.85 0.0 0.0 0.0 0.0
2023-09-01_03:30:00 0.58 25.61 94.47 2.56 235.66 0.0 0.0 0.0 0.0
2023-09-01_03:45:00 0.53 25.55 94.79 2.44 235.39 0.0 0.0 0.0 0.0
2023-09-01_04:00:00 0.55 25.55 94.85 2.47 233.38 0.0 0.0 0.0 0.0
2023-09-01_04:15:00 0.55 25.54 94.85 2.49 231.55 0.0 0.0 0.0 0.0
2023-09-01_04:30:00 0.56 25.49 95.06 2.34 233.19 0.0 0.0 0.0 0.0
2023-09-01_04:45:00 0.59 25.56 94.99 2.27 237.15 0.0 0.0 0.0 0.0
2023-09-01_05:00:00 0.6 25.56 94.91 2.35 238.85 0.0 0.0 0.0 0.0
2023-09-01_05:15:00 0.64 25.65 94.61 2.43 238.34 0.0 0.0 0.0 0.0
2023-09-01_05:30:00 0.66 25.6 94.85 2.22 237.55 0.0 0.0 0.0 0.0
2023-09-01_05:45:00 0.65 25.57 95.05 2.07 237.54 0.0 0.0 0.0 0.0
2023-09-01_06:00:00 0.64 25.53 95.23 1.97 240.56 0.0 0.0 0.0 0.0
2023-09-01_06:15:00 0.64 25.96 93.46 2.12 247.62 28.49 28.33 0.0 28.32
2023-09-01_06:30:00 0.64 26.0 93.28 2.18 250.61 28.49 28.33 0.0 28.32
2023-09-01_06:45:00 0.63 26.49 91.09 2.89 245.0 94.42 93.91 0.03 93.87
2023-09-01_07:00:00 0.57 26.66 90.57 2.99 242.9 94.42 93.91 0.03 93.87
