time clf t2 rh ws wd ghi poa_global poa_direct poa_diffuse
2023-08-30_07:00:00 0.48 26.86 86.66 3.56 238.41 0.0 0.0 0.0 0.0
2023-08-30_07:15:00 0.45 27.63 82.82 4.02 243.1 306.0 654.08 612.21 41.87
2023-08-30_07:30:00 0.44 27.95 81.04 4.26 242.51 306.0 627.02 585.15 41.87
2023-08-30_07:45:00 0.43 28.48 78.5 4.17 244.97 428.75 639.85 575.21 64.64
2023-08-30_08:00:00 0.5 28.82 76.68 4.35 246.69 428.75 607.16 542.51 64.64
2023-08-30_08:15:00 0.54 29.18 74.76 4.72 249.64 459.54 465.98 74.14 391.83
2023-08-30_08:30:00 0.53 29.39 73.4 4.8 250.44 459.54 460.6 68.77 391.83
2023-08-30_08:45:00 0.53 29.63 71.94 4.95 251.19 484.02 480.0 6.06 473.94
2023-08-30_09:00:00 0.51 29.84 70.51 4.95 252.56 484.02 479.43 5.5 473.94
2023-08-30_09:15:00 0.52 30.26 68.39 5.15 253.08 600.41 585.2 17.11 568.09
2023-08-30_09:30:00 0.54 30.5 66.94 5.19 254.46 600.41 583.1 15.01 568.09
2023-08-30_09:45:00 0.55 30.87 65.11 5.22 256.54 677.6 657.32 11.16 646.16
2023-08-30_10:00:00 0.59 31.09 63.85 5.12 258.74 677.6 655.4 9.25 646.16
2023-08-30_10:15:00 0.61 31.27 62.9 5.09 261.34 655.53 647.53 1.4 646.13
2023-08-30_10:30:00 0.61 31.42 62.27 5.22 259.95 655.53 647.16 1.02 646.13
2023-08-30_10:45:00 0.59 31.63 61.65 5.29 257.6 716.15 694.29 2.18 692.11
2023-08-30_11:00:00 0.6 31.78 61.25 5.21 255.39 716.15 693.08 0.98 692.11
2023-08-30_11:15:00 0.55 31.91 61.0 5.33 253.38 660.93 596.38 0.0 596.38
2023-08-30_11:30:00 0.53 32.03 60.89 5.31 251.8 660.93 596.38 0.0 596.38
2023-08-30_11:45:00 0.5 32.12 61.04 5.3 249.92 807.69 476.12 0.0 476.12
2023-08-30_12:00:00 0.48 32.15 61.43 5.55 249.5 807.69 476.12 0.0 476.12
2023-08-30_12:15:00 0.47 31.79 62.82 5.54 248.71 286.26 107.64 0.0 107.64
2023-08-30_12:30:00 0.49 31.76 63.05 5.56 246.17 286.26 107.64 0.0 107.64
2023-08-30_12:45:00 0.47 31.59 63.43 5.55 247.38 284.62 136.61 0.0 136.61
2023-08-30_13:00:00 0.43 31.61 63.14 5.28 250.74 284.62 136.61 0.0 136.61
2023-08-30_13:15:00 0.37 32.46 59.95 5.43 251.6 842.05 313.27 0.0 313.27
2023-08-30_13:30:00 0.35 32.58 59.82 5.26 249.95 842.05 313.27 0.0 313.27
2023-08-30_13:45:00 0.35 32.64 60.08 5.52 248.92 849.91 63.27 0.0 63.27
2023-08-30_14:00:00 0.36 32.35 61.86 5.86 250.41 849.91 63.27 0.0 63.27
2023-08-30_14:15:00 0.4 31.6 64.94 5.39 249.9 613.55 66.58 0.0 66.58
2023-08-30_14:30:00 0.39 31.37 66.21 4.86 243.33 613.55 66.58 0.0 66.58
2023-08-30_14:45:00 0.32 31.42 66.08 4.14 234.69 563.96 56.85 0.0 56.85
2023-08-30_15:00:00 0.36 31.87 64.24 4.04 233.88 563.96 56.85 0.0 56.85
2023-08-30_15:15:00 0.24 32.61 61.42 5.1 240.61 625.18 75.83 0.0 75.83
2023-08-30_15:30:00 0.19 32.71 61.19 5.87 243.25 625.18 75.83 0.0 75.83
2023-08-30_15:45:00 0.17 32.17 63.48 6.04 242.15 460.12 65.32 0.0 65.32
2023-08-30_16:00:00 0.14 31.73 65.77 6.65 244.05 460.12 65.32 0.0 65.32
2023-08-30_16:15:00 0.14 31.21 67.48 7.25 252.04 365.68 155.78 0.0 155.78
2023-08-30_16:30:00 0.26 31.09 67.25 6.5 253.42 365.68 155.78 0.0 155.78
2023-08-30_16:45:00 0.39 30.92 68.09 5.43 248.06 260.35 71.7 0.0 71.7
2023-08-30_17:00:00 0.46 30.98 68.37 5.41 247.39 260.35 71.7 0.0 71.7
2023-08-30_17:15:00 0.51 30.54 70.49 4.99 256.77 142.89 50.45 0.0 50.45
2023-08-30_17:30:00 0.53 30.41 71.32 4.76 257.53 142.89 50.45 0.0 50.45
2023-08-30_17:45:00 0.48 29.64 74.45 3.72 251.28 29.33 29.16 0.0 29.16
2023-08-30_18:00:00 0.47 29.36 75.8 3.75 249.92 29.33 29.16 0.0 29.16
2023-08-30_18:15:00 0.51 29.06 76.23 3.69 255.69 0.0 0.0 0.0 0.0
2023-08-30_18:30:00 0.55 28.71 77.85 3.76 260.97 0.0 0.0 0.0 0.0
2023-08-30_18:45:00 0.63 28.3 79.97 3.56 268.16 0.0 0.0 0.0 0.0
2023-08-30_19:00:00 0.68 27.97 82.1 2.58 275.34 0.0 0.0 0.0 0.0
2023-08-30_19:15:00 0.65 27.62 84.5 2.07 270.35 0.0 0.0 0.0 0.0
2023-08-30_19:30:00 0.63 27.51 85.41 1.91 261.01 0.0 0.0 0.0 0.0
2023-08-30_19:45:00 0.65 27.48 85.77 1.8 244.79 0.0 0.0 0.0 0.0
2023-08-30_20:00:00 0.65 27.41 85.88 1.82 230.42 0.0 0.0 0.0 0.0
2023-08-30_20:15:00 0.58 27.49 84.35 2.38 230.83 0.0 0.0 0.0 0.0
2023-08-30_20:30:00 0.55 27.51 83.19 2.97 236.16 0.0 0.0 0.0 0.0
2023-08-30_20:45:00 0.56 27.5 82.29 3.47 241.02 0.0 0.0 0.0 0.0
2023-08-30_21:00:00 0.57 27.47 81.8 3.73 241.97 0.0 0.0 0.0 0.0
2023-08-30_21:15:00 0.58 27.41 81.79 3.69 242.34 0.0 0.0 0.0 0.0
2023-08-30_21:30:00 0.68 27.32 82.21 3.35 246.69 0.0 0.0 0.0 0.0
2023-08-30_21:45:00 0.69 27.23 82.77 3.25 251.3 0.0 0.0 0.0 0.0
2023-08-30_22:00:00 0.65 27.15 83.28 3.32 246.88 0.0 0.0 0.0 0.0
2023-08-30_22:15:00 0.66 27.08 83.73 3.34 242.51 0.0 0.0 0.0 0.0
2023-08-30_22:30:00 0.62 27.02 84.09 3.35 238.99 0.0 0.0 0.0 0.0
2023-08-30_22:45:00 0.65 26.95 84.48 3.29 234.3 0.0 0.0 0.0 0.0
2023-08-30_23:00:00 0.62 26.89 84.77 3.26 226.52 0.0 0.0 0.0 0.0
2023-08-30_23:15:00 0.57 26.76 85.48 2.82 224.01 0.0 0.0 0.0 0.0
2023-08-30_23:30:00 0.57 26.65 86.13 2.59 225.97 0.0 0.0 0.0 0.0
2023-08-30_23:45:00 0.6 26.6 86.42 2.63 223.86 0.0 0.0 0.0 0.0
2023-08-31_00:00:00 0.65 26.55 86.76 2.65 219.68 0.0 0.0 0.0 0.0
2023-08-31_00:15:00 0.65 26.5 87.1 2.77 217.71 0.0 0.0 0.0 0.0
2023-08-31_00:30:00 0.62 26.53 87.18 3.22 220.18 0.0 0.0 0.0 0.0
2023-08-31_00:45:00 0.69 26.41 88.16 3.14 222.62 0.0 0.0 0.0 0.0
2023-08-31_01:00:00 0.76 26.32 89.1 2.8 224.18 0.0 0.0 0.0 0.0
2023-08-31_01:15:00 0.78 26.25 89.85 2.76 225.04 0.0 0.0 0.0 0.0
2023-08-31_01:30:00 0.8 26.17 90.63 2.68 226.37 0.0 0.0 0.0 0.0
2023-08-31_01:45:00 0.82 26.26 90.52 2.7 227.36 0.0 0.0 0.0 0.0
2023-08-31_02:00:00 0.77 26.24 90.93 2.88 225.74 0.0 0.0 0.0 0.0
2023-08-31_02:15:00 0.76 26.29 91.02 2.95 226.58 0.0 0.0 0.0 0.0
2023-08-31_02:30:00 0.75 26.25 91.58 2.59 229.01 0.0 0.0 0.0 0.0
2023-08-31_02:45:00 0.72 26.17 92.3 2.33 227.93 0.0 0.0 0.0 0.0
2023-08-31_03:00:00 0.68 26.12 92.77 2.31 226.1 0.0 0.0 0.0 0.0
2023-08-31_03:15:00 0.66 25.89 94.18 2.33 222.75 0.0 0.0 0.0 0.0
2023-08-31_03:30:00 0.69 25.85 94.63 2.38 218.92 0.0 0.0 0.0 0.0
2023-08-31_03:45:00 0.66 25.7 95.63 2.3 216.39 0.0 0.0 0.0 0.0
2023-08-31_04:00:00 0.55 25.73 95.62 2.76 218.76 0.0 0.0 0.0 0.0
2023-08-31_04:15:00 0.63 25.57 96.57 2.85 221.51 0.0 0.0 0.0 0.0
2023-08-31_04:30:00 0.67 25.57 96.73 2.96 224.49 0.0 0.0 0.0 0.0
2023-08-31_04:45:00 0.67 25.62 96.62 3.15 225.77 0.0 0.0 0.0 0.0
2023-08-31_05:00:00 0.67 25.64 96.6 3.25 225.17 0.0 0.0 0.0 0.0
2023-08-31_05:15:00 0.65 25.68 96.47 3.48 221.79 0.0 0.0 0.0 0.0
2023-08-31_05:30:00 0.66 25.63 96.75 3.03 221.82 0.0 0.0 0.0 0.0
2023-08-31_05:45:00 0.69 25.59 97.05 2.83 224.06 0.0 0.0 0.0 0.0
2023-08-31_06:00:00 0.74 25.6 97.11 3.0 227.83 0.0 0.0 0.0 0.0
2023-08-31_06:15:00 0.8 26.23 94.44 3.48 228.9 54.05 234.83 203.98 30.85
2023-08-31_06:30:00 0.87 26.37 93.93 3.14 228.85 54.05 229.9 199.04 30.85
2023-08-31_06:45:00 0.9 26.68 92.56 3.47 228.53 87.71 89.57 3.19 86.38
2023-08-31_07:00:00 0.93 26.82 91.91 3.51 228.17 87.71 89.46 3.09 86.38
2023-08-31_07:15:00 0.92 27.23 90.16 3.88 229.41 148.91 150.87 4.95 145.93
2023-08-31_07:30:00 0.98 27.38 89.39 3.89 234.2 148.91 150.65 4.73 145.93
2023-08-31_07:45:00 0.98 27.33 89.53 3.56 237.88 54.96 54.67 0.07 54.6
2023-08-31_08:00:00 0.98 27.42 89.05 3.57 236.68 54.96 54.66 0.07 54.6
2023-08-31_08:15:00 0.97 27.65 87.84 3.78 234.13 87.28 87.49 5.89 81.59
2023-08-31_08:30:00 0.98 27.8 86.89 3.7 234.35 87.28 87.06 5.46 81.59
2023-08-31_08:45:00 0.97 28.38 83.89 4.21 232.1 154.57 148.11 26.03 122.08
2023-08-31_09:00:00 0.93 28.65 81.78 4.12 232.93 154.57 145.67 23.59 122.08
2023-08-31_09:15:00 0.9 29.58 76.66 4.45 235.95 686.93 486.43 280.67 205.76
2023-08-31_09:30:00 0.91 29.96 73.97 4.43 240.43 686.93 451.63 245.86 205.76
2023-08-31_09:45:00 0.86 30.31 71.85 4.63 242.89 691.23 390.72 198.25 192.48
2023-08-31_10:00:00 0.74 30.58 70.45 4.85 243.19 691.23 356.38 163.9 192.48
2023-08-31_10:15:00 0.78 31.03 68.76 4.73 246.74 731.23 328.63 127.88 200.75
2023-08-31_10:30:00 0.84 31.29 67.82 4.85 247.81 731.23 293.83 93.08 200.75
2023-08-31_10:45:00 0.8 31.34 67.27 4.88 245.81 714.52 351.01 42.41 308.6
2023-08-31_11:00:00 0.82 31.55 66.0 4.82 241.47 714.52 326.89 18.28 308.6
2023-08-31_11:15:00 0.73 31.99 64.21 4.85 239.6 789.78 409.29 0.0 409.29
2023-08-31_11:30:00 0.69 32.16 63.35 4.84 239.99 789.78 409.29 0.0 409.29
2023-08-31_11:45:00 0.64 32.21 62.59 4.39 242.36 592.35 224.4 0.0 224.4
2023-08-31_12:00:00 0.63 32.46 61.41 4.65 244.33 592.35 224.4 0.0 224.4
2023-08-31_12:15:00 0.51 32.55 60.99 5.01 244.61 439.24 144.51 0.0 144.51
2023-08-31_12:30:00 0.4 32.62 60.5 5.12 241.12 439.24 144.51 0.0 144.51
2023-08-31_12:45:00 0.43 32.94 59.12 5.4 240.15 807.5 201.26 0.0 201.26
2023-08-31_13:00:00 0.58 32.76 60.36 6.18 257.9 807.5 201.26 0.0 201.26
2023-08-31_13:15:00 0.68 30.99 67.64 8.0 278.38 627.87 219.5 0.0 219.5
2023-08-31_13:30:00 0.81 27.67 79.7 9.77 294.44 627.87 219.5 0.0 219.5
2023-08-31_13:45:00 0.84 25.65 84.65 6.1 301.43 87.16 86.66 0.0 86.66
2023-08-31_14:00:00 0.73 25.61 83.12 5.33 301.9 87.16 86.66 0.0 86.66
2023-08-31_14:15:00 0.73 26.27 80.38 4.51 306.67 186.85 185.53 0.0 185.53
2023-08-31_14:30:00 0.75 26.77 79.89 3.98 310.84 186.85 185.53 0.0 185.53
2023-08-31_14:45:00 0.75 27.65 78.94 3.86 305.87 331.9 330.01 0.0 330.01
2023-08-31_15:00:00 0.8 28.06 80.78 4.81 279.35 331.9 330.01 0.0 330.01
2023-08-31_15:15:00 0.87 27.76 84.43 5.48 255.08 236.75 235.4 0.0 235.4
2023-08-31_15:30:00 0.94 27.48 84.66 5.29 242.03 236.75 235.4 0.0 235.4
2023-08-31_15:45:00 0.93 26.88 86.17 4.43 246.01 82.7 82.23 0.0 82.23
2023-08-31_16:00:00 0.93 26.74 88.65 3.8 258.33 82.7 82.23 0.0 82.23
2023-08-31_16:15:00 0.86 26.7 89.98 4.94 258.24 130.89 130.15 0.0 130.15
2023-08-31_16:30:00 0.84 26.25 90.12 5.21 258.27 130.89 130.15 0.0 130.15
2023-08-31_16:45:00 0.91 25.86 89.26 3.89 245.08 67.25 66.86 0.0 66.86
2023-08-31_17:00:00 0.9 25.75 87.84 3.77 247.2 67.25 66.86 0.0 66.86
2023-08-31_17:15:00 0.93 25.54 87.19 4.14 249.62 43.24 43.0 0.0 43.0
2023-08-31_17:30:00 0.92 25.63 85.91 4.43 243.55 43.24 43.0 0.0 43.0
2023-08-31_17:45:00 0.91 25.53 87.27 4.17 237.3 10.3 10.24 0.0 10.24
2023-08-31_18:00:00 0.88 25.61 88.54 3.25 239.82 10.3 10.24 0.0 10.24
2023-08-31_18:15:00 0.96 25.63 89.95 2.37 248.31 0.0 0.0 0.0 0.0
2023-08-31_18:30:00 0.93 25.69 90.97 1.74 257.93 0.0 0.0 0.0 0.0
2023-08-31_18:45:00 0.87 25.7 91.58 1.3 268.81 0.0 0.0 0.0 0.0
2023-08-31_19:00:00 0.84 25.7 92.58 1.25 240.87 0.0 0.0 0.0 0.0
2023-08-31_19:15:00 0.87 25.67 93.13 1.23 209.63 0.0 0.0 0.0 0.0
2023-08-31_19:30:00 0.82 25.66 93.16 1.63 195.8 0.0 0.0 0.0 0.0
2023-08-31_19:45:00 0.75 25.71 93.23 2.27 193.74 0.0 0.0 0.0 0.0
2023-08-31_20:00:00 0.73 25.74 93.79 2.24 194.76 0.0 0.0 0.0 0.0
2023-08-31_20:15:00 0.67 25.66 94.83 1.84 191.64 0.0 0.0 0.0 0.0
2023-08-31_20:30:00 0.66 25.64 95.08 1.83 183.58 0.0 0.0 0.0 0.0
2023-08-31_20:45:00 0.65 25.68 95.07 2.26 192.36 0.0 0.0 0.0 0.0
2023-08-31_21:00:00 0.66 25.78 94.9 2.81 199.01 0.0 0.0 0.0 0.0
2023-08-31_21:15:00 0.62 25.95 94.46 3.48 203.42 0.0 0.0 0.0 0.0
2023-08-31_21:30:00 0.56 26.0 94.43 3.26 205.78 0.0 0.0 0.0 0.0
2023-08-31_21:45:00 0.62 25.89 94.99 2.87 210.08 0.0 0.0 0.0 0.0
2023-08-31_22:00:00 0.67 25.88 94.99 2.83 213.34 0.0 0.0 0.0 0.0
2023-08-31_22:15:00 0.66 26.02 94.33 2.94 215.43 0.0 0.0 0.0 0.0
2023-08-31_22:30:00 0.65 26.04 94.13 3.0 210.13 0.0 0.0 0.0 0.0
2023-08-31_22:45:00 0.63 26.02 94.0 3.05 212.2 0.0 0.0 0.0 0.0
2023-08-31_23:00:00 0.65 25.9 94.48 2.49 217.31 0.0 0.0 0.0 0.0
2023-08-31_23:15:00 0.61 25.73 95.26 2.06 217.14 0.0 0.0 0.0 0.0
2023-08-31_23:30:00 0.57 25.73 94.98 2.33 214.45 0.0 0.0 0.0 0.0
2023-08-31_23:45:00 0.59 25.56 95.51 2.33 215.47 0.0 0.0 0.0 0.0
2023-09-01_00:00:00 0.58 25.56 95.51 2.55 213.64 0.0 0.0 0.0 0.0
2023-09-01_00:15:00 0.53 25.49 95.97 2.42 215.11 0.0 0.0 0.0 0.0
2023-09-01_00:30:00 0.52 25.44 96.4 2.4 214.86 0.0 0.0 0.0 0.0
2023-09-01_00:45:00 0.61 25.49 96.49 2.71 209.27 0.0 0.0 0.0 0.0
2023-09-01_01:00:00 0.57 25.59 96.64 2.98 206.57 0.0 0.0 0.0 0.0
2023-09-01_01:15:00 0.58 25.72 96.78 3.12 211.8 0.0 0.0 0.0 0.0
2023-09-01_01:30:00 0.66 25.79 97.16 3.18 219.32 0.0 0.0 0.0 0.0
2023-09-01_01:45:00 0.67 25.9 97.3 3.14 225.92 0.0 0.0 0.0 0.0
2023-09-01_02:00:00 0.64 25.91 97.61 2.99 231.88 0.0 0.0 0.0 0.0
2023-09-01_02:15:00 0.61 25.97 97.62 3.1 235.3 0.0 0.0 0.0 0.0
2023-09-01_02:30:00 0.6 26.01 97.55 3.26 236.34 0.0 0.0 0.0 0.0
2023-09-01_02:45:00 0.68 26.02 97.5 3.3 236.3 0.0 0.0 0.0 0.0
2023-09-01_03:00:00 0.67 26.04 97.38 3.23 236.12 0.0 0.0 0.0 0.0
2023-09-01_03:15:00 0.65 26.11 97.13 3.27 234.57 0.0 0.0 0.0 0.0
2023-09-01_03:30:00 0.64 26.14 96.94 3.44 234.98 0.0 0.0 0.0 0.0
2023-09-01_03:45:00 0.64 26.19 96.62 3.73 236.37 0.0 0.0 0.0 0.0
2023-09-01_04:00:00 0.63 26.23 96.3 3.81 237.82 0.0 0.0 0.0 0.0
2023-09-01_04:15:00 0.63 26.21 96.21 3.67 239.48 0.0 0.0 0.0 0.0
2023-09-01_04:30:00 0.62 26.19 96.22 3.49 240.61 0.0 0.0 0.0 0.0
2023-09-01_04:45:00 0.59 26.07 96.6 3.21 241.11 0.0 0.0 0.0 0.0
2023-09-01_05:00:00 0.61 25.96 97.02 2.86 240.36 0.0 0.0 0.0 0.0
2023-09-01_05:15:00 0.61 25.83 97.39 2.78 241.03 0.0 0.0 0.0 0.0
2023-09-01_05:30:00 0.61 25.75 97.67 2.68 240.42 0.0 0.0 0.0 0.0
2023-09-01_05:45:00 0.64 25.75 97.72 2.78 238.22 0.0 0.0 0.0 0.0
2023-09-01_06:00:00 0.62 25.75 97.82 2.83 236.27 0.0 0.0 0.0 0.0
2023-09-01_06:15:00 0.56 26.52 94.99 3.66 235.38 53.93 152.89 111.78 41.11
2023-09-01_06:30:00 0.53 26.63 94.48 3.79 238.6 53.93 150.17 109.06 41.11
2023-09-01_06:45:00 0.55 27.25 92.46 4.19 242.13 178.53 558.48 516.07 42.41
2023-09-01_07:00:00 0.61 27.42 92.0 4.07 243.2 178.53 541.0 498.59 42.41
2023-09-01_07:15:00 0.54 27.9 90.21 3.97 244.03 285.79 454.01 299.04 154.97
2023-09-01_07:30:00 0.56 28.17 88.86 4.09 246.8 285.79 440.65 285.67 154.97
2023-09-01_07:45:00 0.51 28.63 86.59 4.65 250.05 386.64 458.64 202.95 255.69
2023-09-01_08:00:00 0.51 28.87 84.96 5.15 248.0 386.64 446.97 191.29 255.69
2023-09-01_08:15:00 0.55 29.26 82.82 4.64 247.44 523.66 576.07 488.97 87.1
2023-09-01_08:30:00 0.69 29.43 81.53 4.74 243.39 523.66 540.19 453.09 87.1
2023-09-01_08:45:00 0.54 29.49 80.93 5.24 250.54 508.04 431.41 330.16 101.25
2023-09-01_09:00:00 0.49 29.49 80.39 4.96 261.04 508.04 400.21 298.96 101.25
2023-09-01_09:15:00 0.65 29.26 80.84 5.01 262.47 261.49 230.45 41.51 188.94
2023-09-01_09:30:00 0.81 28.76 82.54 5.9 259.84 261.49 225.26 36.32 188.94
2023-09-01_09:45:00 0.91 28.43 82.68 5.89 245.76 353.98 293.35 38.55 254.79
2023-09-01_10:00:00 0.89 28.28 82.91 4.92 235.57 353.98 286.6 31.8 254.79
2023-09-01_10:15:00 0.9 28.21 83.74 4.81 248.43 245.91 221.25 7.32 213.93
2023-09-01_10:30:00 0.94 28.07 85.22 5.2 238.67 245.91 219.22 5.29 213.93
2023-09-01_10:45:00 0.9 27.2 89.24 4.79 239.9 125.36 124.65 0.0 124.65
2023-09-01_11:00:00 0.85 26.98 90.43 4.34 235.29 125.36 124.65 0.0 124.65
2023-09-01_11:15:00 0.82 27.31 88.14 4.84 233.18 220.93 219.67 0.0 219.67
2023-09-01_11:30:00 0.75 27.54 86.48 4.8 243.22 220.93 219.67 0.0 219.67
2023-09-01_11:45:00 0.76 28.36 83.29 5.93 240.81 488.31 485.4 0.0 485.4
2023-09-01_12:00:00 0.89 28.75 81.65 5.74 237.33 488.31 485.4 0.0 485.4
2023-09-01_12:15:00 0.85 28.46 83.28 5.87 246.1 225.81 223.62 0.0 223.62
2023-09-01_12:30:00 0.85 28.4 85.17 5.2 258.99 225.81 223.62 0.0 223.62
2023-09-01_12:45:00 0.84 28.49 85.91 4.66 260.99 362.11 359.89 0.0 359.89
2023-09-01_13:00:00 0.82 28.54 86.07 5.19 253.76 362.11 359.89 0.0 359.89
2023-09-01_13:15:00 0.88 28.72 85.04 5.24 252.52 345.08 343.12 0.0 343.12
2023-09-01_13:30:00 0.87 28.84 84.22 5.09 245.12 345.08 343.12 0.0 343.12
2023-09-01_13:45:00 0.73 28.87 84.27 4.77 242.06 286.45 284.75 0.0 284.75
2023-09-01_14:00:00 0.68 29.1 83.28 4.36 241.29 286.45 284.75 0.0 284.75
2023-09-01_14:15:00 0.83 29.63 80.41 4.6 240.24 386.73 381.34 0.0 381.34
2023-09-01_14:30:00 0.89 29.94 77.95 5.19 241.77 386.73 381.34 0.0 381.34
2023-09-01_14:45:00 0.78 29.87 77.19 5.31 239.08 288.45 286.81 0.0 286.81
2023-09-01_15:00:00 0.62 29.84 77.17 5.53 233.52 288.45 286.81 0.0 286.81
2023-09-01_15:15:00 0.72 29.51 78.63 4.79 236.67 175.8 174.72 0.0 174.72
2023-09-01_15:30:00 0.7 29.51 78.32 4.7 237.3 175.8 174.72 0.0 174.72
2023-09-01_15:45:00 0.68 29.77 76.52 5.3 237.79 262.03 259.96 0.0 259.96
2023-09-01_16:00:00 0.8 29.75 76.15 5.84 237.8 262.03 259.96 0.0 259.96
2023-09-01_16:15:00 0.9 29.09 78.5 5.55 242.65 137.4 136.62 0.0 136.62
2023-09-01_16:30:00 0.94 28.11 81.92 6.15 264.22 137.4 136.62 0.0 136.62
2023-09-01_16:45:00 0.91 26.67 86.3 6.41 280.64 36.39 33.29 0.0 33.29
2023-09-01_17:00:00 0.89 26.23 85.31 5.35 280.91 36.39 33.29 0.0 33.29
2023-09-01_17:15:00 0.95 26.02 85.86 4.38 275.64 10.43 10.37 0.0 10.37
2023-09-01_17:30:00 0.9 26.05 86.72 4.22 275.94 10.43 10.37 0.0 10.37
2023-09-01_17:45:00 0.87 25.97 88.41 3.39 273.8 7.56 7.52 0.0 7.52
2023-09-01_18:00:00 0.82 26.02 89.18 3.27 274.7 7.56 7.52 0.0 7.52
2023-09-01_18:15:00 0.79 25.97 90.59 3.1 272.25 0.0 0.0 0.0 0.0
2023-09-01_18:30:00 0.77 26.0 91.5 2.72 261.39 0.0 0.0 0.0 0.0
2023-09-01_18:45:00 0.79 25.97 92.44 2.24 246.89 0.0 0.0 0.0 0.0
2023-09-01_19:00:00 0.81 25.9 93.62 1.66 238.29 0.0 0.0 0.0 0.0
2023-09-01_19:15:00 0.77 25.87 94.11 1.49 237.56 0.0 0.0 0.0 0.0
2023-09-01_19:30:00 0.75 25.85 94.38 1.64 244.71 0.0 0.0 0.0 0.0
2023-09-01_19:45:00 0.76 25.82 94.41 1.98 247.87 0.0 0.0 0.0 0.0
2023-09-01_20:00:00 0.79 25.83 94.69 2.05 249.86 0.0 0.0 0.0 0.0
2023-09-01_20:15:00 0.83 25.85 94.76 2.05 248.21 0.0 0.0 0.0 0.0
2023-09-01_20:30:00 0.91 25.85 94.54 2.14 245.37 0.0 0.0 0.0 0.0
2023-09-01_20:45:00 0.95 25.93 94.07 2.09 243.92 0.0 0.0 0.0 0.0
2023-09-01_21:00:00 0.98 25.86 94.31 1.99 247.47 0.0 0.0 0.0 0.0
2023-09-01_21:15:00 0.97 25.75 94.57 1.94 252.65 0.0 0.0 0.0 0.0
2023-09-01_21:30:00 0.94 25.69 94.37 2.2 265.8 0.0 0.0 0.0 0.0
2023-09-01_21:45:00 0.94 25.69 93.87 3.14 275.83 0.0 0.0 0.0 0.0
2023-09-01_22:00:00 0.94 25.64 93.96 3.35 278.85 0.0 0.0 0.0 0.0
2023-09-01_22:15:00 0.95 25.53 94.3 3.22 273.67 0.0 0.0 0.0 0.0
2023-09-01_22:30:00 0.92 25.45 94.59 2.97 268.6 0.0 0.0 0.0 0.0
2023-09-01_22:45:00 0.86 25.4 94.69 3.25 267.71 0.0 0.0 0.0 0.0
2023-09-01_23:00:00 0.98 25.37 94.52 4.13 268.32 0.0 0.0 0.0 0.0
2023-09-01_23:15:00 0.96 25.27 94.29 5.29 269.73 0.0 0.0 0.0 0.0
2023-09-01_23:30:00 0.96 25.19 93.38 5.44 268.17 0.0 0.0 0.0 0.0
2023-09-01_23:45:00 0.89 25.13 92.86 5.07 268.95 0.0 0.0 0.0 0.0
2023-09-02_00:00:00 0.8 25.06 92.97 4.87 265.74 0.0 0.0 0.0 0.0
2023-09-02_00:15:00 0.83 24.97 93.13 4.21 261.12 0.0 0.0 0.0 0.0
2023-09-02_00:30:00 0.85 24.94 93.12 4.1 256.32 0.0 0.0 0.0 0.0
2023-09-02_00:45:00 0.8 24.99 93.1 4.44 257.83 0.0 0.0 0.0 0.0
2023-09-02_01:00:00 0.8 25.04 93.46 4.43 260.48 0.0 0.0 0.0 0.0
2023-09-02_01:15:00 0.85 25.08 94.1 4.24 259.13 0.0 0.0 0.0 0.0
2023-09-02_01:30:00 0.94 25.11 94.78 3.82 254.26 0.0 0.0 0.0 0.0
2023-09-02_01:45:00 0.97 25.11 95.57 3.29 247.25 0.0 0.0 0.0 0.0
2023-09-02_02:00:00 0.9 25.11 96.11 3.23 241.39 0.0 0.0 0.0 0.0
2023-09-02_02:15:00 0.87 25.09 96.56 3.08 243.93 0.0 0.0 0.0 0.0
2023-09-02_02:30:00 0.83 25.06 96.89 2.85 247.24 0.0 0.0 0.0 0.0
2023-09-02_02:45:00 0.89 25.06 97.18 2.57 245.29 0.0 0.0 0.0 0.0
2023-09-02_03:00:00 0.91 25.07 97.26 2.74 243.48 0.0 0.0 0.0 0.0
2023-09-02_03:15:00 0.88 25.15 97.02 2.92 246.73 0.0 0.0 0.0 0.0
2023-09-02_03:30:00 0.94 25.13 97.19 2.68 247.42 0.0 0.0 0.0 0.0
2023-09-02_03:45:00 0.98 25.14 97.22 2.7 247.02 0.0 0.0 0.0 0.0
2023-09-02_04:00:00 0.98 25.15 97.27 2.73 248.54 0.0 0.0 0.0 0.0
2023-09-02_04:15:00 0.97 25.13 97.42 2.64 244.88 0.0 0.0 0.0 0.0
2023-09-02_04:30:00 0.88 25.13 97.45 2.71 243.92 0.0 0.0 0.0 0.0
2023-09-02_04:45:00 0.76 25.09 97.62 2.72 242.65 0.0 0.0 0.0 0.0
2023-09-02_05:00:00 0.68 25.07 97.76 2.67 244.91 0.0 0.0 0.0 0.0
2023-09-02_05:15:00 0.62 25.03 97.79 2.76 245.91 0.0 0.0 0.0 0.0
2023-09-02_05:30:00 0.6 25.02 97.75 2.59 245.88 0.0 0.0 0.0 0.0
2023-09-02_05:45:00 0.6 25.13 97.31 2.84 245.55 0.0 0.0 0.0 0.0
2023-09-02_06:00:00 0.58 25.16 97.12 2.8 243.23 0.0 0.0 0.0 0.0
2023-09-02_06:15:00 0.63 25.42 96.17 3.03 242.07 14.63 35.54 23.68 11.86
2023-09-02_06:30:00 0.65 25.48 95.89 3.17 245.5 14.63 34.96 23.1 11.86
2023-09-02_06:45:00 0.74 25.79 94.78 3.68 243.72 49.29 120.76 97.29 23.47
2023-09-02_07:00:00 0.85 25.89 94.49 3.5 247.18 49.29 117.45 93.98 23.47
