time clf t2 rh ws wd ghi poa_global poa_direct poa_diffuse
2023-10-04_07:00:00 0.24 25.34 93.66 1.45 149.23 0.0 0.0 0.0 0.0
2023-10-04_07:15:00 0.23 25.93 89.92 1.37 171.18 328.92 590.35 546.66 43.69
2023-10-04_07:30:00 0.25 26.23 88.19 1.2 188.38 328.92 559.9 516.21 43.69
2023-10-04_07:45:00 0.27 26.71 85.95 1.17 172.49 451.67 570.35 521.11 49.24
2023-10-04_08:00:00 0.33 27.0 84.33 1.51 165.15 451.67 532.74 483.5 49.24
2023-10-04_08:15:00 0.34 27.34 82.82 1.66 184.11 530.49 487.44 408.95 78.49
2023-10-04_08:30:00 0.3 27.59 81.57 1.93 194.44 530.49 448.96 370.47 78.49
2023-10-04_08:45:00 0.27 27.94 79.94 2.0 193.5 599.08 406.61 326.65 79.96
2023-10-04_09:00:00 0.28 28.2 78.62 1.93 197.15 599.08 365.44 285.49 79.96
2023-10-04_09:15:00 0.33 28.54 77.1 1.96 198.12 635.91 304.18 237.72 66.46
2023-10-04_09:30:00 0.36 28.77 75.96 1.99 202.33 635.91 261.6 195.13 66.46
2023-10-04_09:45:00 0.39 29.0 74.82 2.06 203.26 590.71 213.03 121.96 91.07
2023-10-04_10:00:00 0.45 29.26 73.7 2.15 195.15 590.71 177.62 86.55 91.07
2023-10-04_10:15:00 0.39 29.45 72.93 2.24 202.77 581.78 128.61 47.95 80.66
2023-10-04_10:30:00 0.3 29.6 72.28 2.26 208.16 581.78 95.64 14.98 80.66
2023-10-04_10:45:00 0.26 29.72 71.75 2.41 212.33 572.43 64.94 0.0 64.94
2023-10-04_11:00:00 0.28 29.89 71.06 2.32 215.89 572.43 64.94 0.0 64.94
2023-10-04_11:15:00 0.32 30.01 70.55 2.09 221.02 396.03 89.35 0.0 89.35
2023-10-04_11:30:00 0.33 30.09 70.14 2.12 225.28 396.03 89.35 0.0 89.35
2023-10-04_11:45:00 0.35 30.25 70.08 2.22 224.77 556.59 60.62 0.0 60.62
2023-10-04_12:00:00 0.37 30.19 70.89 2.1 224.11 556.59 60.62 0.0 60.62
2023-10-04_12:15:00 0.29 30.15 71.24 2.15 225.57 609.65 88.08 0.0 88.08
2023-10-04_12:30:00 0.23 30.27 70.71 2.58 230.46 609.65 88.08 0.0 88.08
2023-10-04_12:45:00 0.23 30.58 68.79 2.89 229.14 719.41 93.23 0.0 93.23
2023-10-04_13:00:00 0.25 30.78 67.6 2.74 224.93 719.41 93.23 0.0 93.23
2023-10-04_13:15:00 0.26 30.83 67.24 2.58 217.98 616.75 52.38 0.0 52.38
2023-10-04_13:30:00 0.24 30.94 67.02 2.46 217.28 616.75 52.38 0.0 52.38
2023-10-04_13:45:00 0.33 31.08 66.73 2.25 215.84 657.42 69.06 0.0 69.06
2023-10-04_14:00:00 0.4 31.2 66.66 2.44 211.23 657.42 69.06 0.0 69.06
2023-10-04_14:15:00 0.47 31.08 67.5 2.5 209.12 374.4 99.94 0.0 99.94
2023-10-04_14:30:00 0.54 31.13 67.48 2.66 206.65 374.4 99.94 0.0 99.94
2023-10-04_14:45:00 0.56 31.25 66.85 2.85 206.48 388.77 212.33 0.0 212.33
2023-10-04_15:00:00 0.52 31.31 66.68 2.89 202.74 388.77 212.33 0.0 212.33
2023-10-04_15:15:00 0.48 31.43 66.32 3.13 196.41 383.16 170.27 0.0 170.27
2023-10-04_15:30:00 0.46 31.43 66.77 3.49 191.11 383.16 170.27 0.0 170.27
2023-10-04_15:45:00 0.43 30.81 70.17 3.15 181.74 209.48 59.54 0.0 59.54
2023-10-04_16:00:00 0.33 30.57 71.94 3.35 181.01 209.48 59.54 0.0 59.54
2023-10-04_16:15:00 0.25 30.07 74.42 3.82 179.19 120.95 24.58 0.0 24.58
2023-10-04_16:30:00 0.26 29.29 77.83 4.62 183.73 120.95 24.58 0.0 24.58
2023-10-04_16:45:00 0.28 28.36 81.97 4.8 187.73 50.79 11.66 0.0 11.66
2023-10-04_17:00:00 0.21 27.75 84.52 4.99 190.55 50.79 11.66 0.0 11.66
2023-10-04_17:15:00 0.25 27.38 85.32 4.5 196.08 44.98 15.31 0.0 15.31
2023-10-04_17:30:00 0.34 27.23 84.94 4.25 197.12 44.98 15.31 0.0 15.31
2023-10-04_17:45:00 0.29 26.95 85.1 3.82 195.2 0.0 0.0 0.0 0.0
2023-10-04_18:00:00 0.24 26.87 84.9 3.61 192.86 0.0 0.0 0.0 0.0
2023-10-04_18:15:00 0.33 26.75 85.61 2.67 191.55 0.0 0.0 0.0 0.0
2023-10-04_18:30:00 0.31 26.66 86.04 2.52 189.54 0.0 0.0 0.0 0.0
2023-10-04_18:45:00 0.25 26.54 86.52 2.45 186.18 0.0 0.0 0.0 0.0
2023-10-04_19:00:00 0.25 26.48 87.06 2.02 189.83 0.0 0.0 0.0 0.0
2023-10-04_19:15:00 0.22 26.43 87.42 2.09 189.8 0.0 0.0 0.0 0.0
2023-10-04_19:30:00 0.26 26.39 87.54 2.3 185.42 0.0 0.0 0.0 0.0
2023-10-04_19:45:00 0.34 26.32 87.89 2.17 183.35 0.0 0.0 0.0 0.0
2023-10-04_20:00:00 0.38 26.3 88.21 2.11 185.52 0.0 0.0 0.0 0.0
2023-10-04_20:15:00 0.34 26.27 88.62 2.01 185.97 0.0 0.0 0.0 0.0
2023-10-04_20:30:00 0.22 26.21 89.1 2.11 186.02 0.0 0.0 0.0 0.0
2023-10-04_20:45:00 0.19 26.2 89.47 2.17 185.34 0.0 0.0 0.0 0.0
2023-10-04_21:00:00 0.27 26.15 90.19 2.02 183.29 0.0 0.0 0.0 0.0
2023-10-04_21:15:00 0.22 26.09 90.7 2.11 176.54 0.0 0.0 0.0 0.0
2023-10-04_21:30:00 0.2 26.03 91.44 1.75 169.89 0.0 0.0 0.0 0.0
2023-10-04_21:45:00 0.11 25.94 92.13 1.81 166.48 0.0 0.0 0.0 0.0
2023-10-04_22:00:00 0.05 25.95 92.28 1.93 167.08 0.0 0.0 0.0 0.0
2023-10-04_22:15:00 0.05 25.91 92.67 2.08 170.22 0.0 0.0 0.0 0.0
2023-10-04_22:30:00 0.08 25.9 92.83 2.11 169.92 0.0 0.0 0.0 0.0
2023-10-04_22:45:00 0.15 25.86 93.13 1.99 169.78 0.0 0.0 0.0 0.0
2023-10-04_23:00:00 0.14 25.85 93.25 2.05 173.35 0.0 0.0 0.0 0.0
2023-10-04_23:15:00 0.17 25.84 93.26 2.03 181.24 0.0 0.0 0.0 0.0
2023-10-04_23:30:00 0.18 25.79 93.58 1.99 182.58 0.0 0.0 0.0 0.0
2023-10-04_23:45:00 0.14 25.79 93.54 2.14 184.91 0.0 0.0 0.0 0.0
2023-10-05_00:00:00 0.13 25.73 93.82 1.98 194.71 0.0 0.0 0.0 0.0
2023-10-05_00:15:00 0.14 25.62 94.3 1.95 203.91 0.0 0.0 0.0 0.0
2023-10-05_00:30:00 0.17 25.6 94.47 2.16 207.24 0.0 0.0 0.0 0.0
2023-10-05_00:45:00 0.15 25.63 94.44 2.3 207.54 0.0 0.0 0.0 0.0
2023-10-05_01:00:00 0.15 25.56 94.71 2.18 209.73 0.0 0.0 0.0 0.0
2023-10-05_01:15:00 0.14 25.47 95.01 2.15 210.38 0.0 0.0 0.0 0.0
2023-10-05_01:30:00 0.11 25.4 95.22 2.14 210.9 0.0 0.0 0.0 0.0
2023-10-05_01:45:00 0.17 25.27 95.49 1.95 215.49 0.0 0.0 0.0 0.0
2023-10-05_02:00:00 0.19 25.2 95.62 1.91 213.33 0.0 0.0 0.0 0.0
2023-10-05_02:15:00 0.18 25.14 95.67 1.93 210.16 0.0 0.0 0.0 0.0
2023-10-05_02:30:00 0.19 25.07 95.73 1.86 214.08 0.0 0.0 0.0 0.0
2023-10-05_02:45:00 0.17 25.0 95.8 1.85 216.14 0.0 0.0 0.0 0.0
2023-10-05_03:00:00 0.14 24.98 95.79 1.91 220.38 0.0 0.0 0.0 0.0
2023-10-05_03:15:00 0.07 24.95 95.84 1.86 222.67 0.0 0.0 0.0 0.0
2023-10-05_03:30:00 0.03 24.84 96.0 1.73 222.05 0.0 0.0 0.0 0.0
2023-10-05_03:45:00 0.01 24.83 96.05 1.7 218.33 0.0 0.0 0.0 0.0
2023-10-05_04:00:00 0.0 24.77 96.13 1.63 215.14 0.0 0.0 0.0 0.0
2023-10-05_04:15:00 0.0 24.77 96.21 1.49 213.06 0.0 0.0 0.0 0.0
2023-10-05_04:30:00 0.0 24.72 96.32 1.43 211.77 0.0 0.0 0.0 0.0
2023-10-05_04:45:00 0.0 24.77 96.23 1.45 204.87 0.0 0.0 0.0 0.0
2023-10-05_05:00:00 0.0 24.73 96.3 1.4 194.25 0.0 0.0 0.0 0.0
2023-10-05_05:15:00 0.0 24.7 96.33 1.33 189.94 0.0 0.0 0.0 0.0
2023-10-05_05:30:00 0.0 24.66 96.34 1.4 191.93 0.0 0.0 0.0 0.0
2023-10-05_05:45:00 0.0 24.74 96.09 1.52 196.3 0.0 0.0 0.0 0.0
2023-10-05_06:00:00 0.0 24.72 96.16 1.74 196.26 0.0 0.0 0.0 0.0
2023-10-05_06:15:00 0.02 25.04 95.16 2.13 195.7 58.04 233.51 206.11 27.41
2023-10-05_06:30:00 0.02 25.05 95.14 2.24 199.45 58.04 227.04 199.63 27.41
2023-10-05_06:45:00 0.04 25.35 94.07 2.41 205.65 130.24 294.44 242.05 52.4
2023-10-05_07:00:00 0.04 25.46 93.64 2.2 209.5 130.24 284.1 231.71 52.4
2023-10-05_07:15:00 0.0 25.87 92.0 1.94 207.18 211.14 342.03 275.45 66.57
2023-10-05_07:30:00 0.01 26.11 90.93 1.88 202.08 211.14 326.59 260.02 66.57
2023-10-05_07:45:00 0.05 26.71 88.29 2.0 207.12 361.27 433.22 323.21 110.01
2023-10-05_08:00:00 0.03 27.13 86.12 2.02 212.11 361.27 409.74 299.73 110.01
2023-10-05_08:15:00 0.01 27.73 83.11 2.15 216.89 539.91 494.64 404.11 90.53
2023-10-05_08:30:00 0.01 28.12 80.89 2.39 213.99 539.91 456.33 365.81 90.53
2023-10-05_08:45:00 0.03 28.64 78.45 2.43 213.79 677.26 444.05 388.07 55.98
2023-10-05_09:00:00 0.07 29.06 76.28 2.51 219.88 677.26 394.72 338.73 55.98
2023-10-05_09:15:00 0.07 29.52 74.02 2.67 222.02 769.9 355.04 292.08 62.95
2023-10-05_09:30:00 0.04 29.85 72.15 2.77 227.59 769.9 302.11 239.15 62.95
2023-10-05_09:45:00 0.05 30.21 70.39 2.78 237.06 844.34 251.38 187.39 63.99
2023-10-05_10:00:00 0.0 30.47 69.03 2.87 234.84 844.34 196.0 132.01 63.99
2023-10-05_10:15:00 0.03 30.71 67.81 2.93 236.91 850.91 150.38 70.81 79.57
2023-10-05_10:30:00 0.02 30.91 66.9 2.75 237.92 850.91 99.64 20.08 79.57
2023-10-05_10:45:00 0.01 31.06 66.24 2.75 242.7 786.89 95.02 0.0 95.02
2023-10-05_11:00:00 0.0 31.23 65.72 2.7 244.91 786.89 95.02 0.0 95.02
2023-10-05_11:15:00 0.0 31.27 65.67 2.72 245.47 666.82 65.02 0.0 65.02
2023-10-05_11:30:00 0.0 31.37 65.4 2.73 242.95 666.82 65.02 0.0 65.02
2023-10-05_11:45:00 0.0 31.36 65.41 2.56 240.79 534.35 55.71 0.0 55.71
2023-10-05_12:00:00 0.0 31.42 65.24 2.54 239.15 534.35 55.71 0.0 55.71
2023-10-05_12:15:00 0.0 31.69 64.19 2.41 231.88 807.01 68.3 0.0 68.3
2023-10-05_12:30:00 0.0 31.88 63.39 2.37 224.67 807.01 68.3 0.0 68.3
2023-10-05_12:45:00 0.0 32.19 62.3 2.55 225.58 889.36 70.9 0.0 70.9
2023-10-05_13:00:00 0.0 32.3 62.28 2.88 231.98 889.36 70.9 0.0 70.9
2023-10-05_13:15:00 0.0 32.22 62.72 3.0 237.95 596.02 61.22 0.0 61.22
2023-10-05_13:30:00 0.0 32.22 62.78 2.73 235.66 596.02 61.22 0.0 61.22
2023-10-05_13:45:00 0.01 32.18 62.63 2.21 233.2 599.95 56.97 0.0 56.97
2023-10-05_14:00:00 0.0 32.27 62.07 2.06 234.84 599.95 56.97 0.0 56.97
2023-10-05_14:15:00 0.0 32.36 61.86 2.48 234.11 711.09 58.99 0.0 58.99
2023-10-05_14:30:00 0.0 32.05 63.78 3.02 231.26 711.09 58.99 0.0 58.99
2023-10-05_14:45:00 0.0 31.15 68.42 3.64 245.88 398.47 43.37 0.0 43.37
2023-10-05_15:00:00 0.01 30.71 70.75 3.7 251.51 398.47 43.37 0.0 43.37
2023-10-05_15:15:00 0.07 30.06 73.43 3.48 247.09 193.52 33.85 0.0 33.85
2023-10-05_15:30:00 0.09 29.83 74.05 2.8 254.53 193.52 33.85 0.0 33.85
2023-10-05_15:45:00 0.08 29.96 72.55 1.89 255.58 257.51 35.63 0.0 35.63
2023-10-05_16:00:00 0.06 30.29 70.97 1.44 227.98 257.51 35.63 0.0 35.63
2023-10-05_16:15:00 0.03 30.65 69.86 1.75 189.98 282.1 44.53 0.0 44.53
2023-10-05_16:30:00 0.01 30.87 69.88 2.3 173.28 282.1 44.53 0.0 44.53
2023-10-05_16:45:00 0.04 30.71 71.36 3.06 168.18 167.24 50.83 0.0 50.83
2023-10-05_17:00:00 0.07 30.59 72.79 3.35 160.35 167.24 50.83 0.0 50.83
2023-10-05_17:15:00 0.09 29.99 76.08 3.32 160.09 38.29 20.03 0.0 20.03
2023-10-05_17:30:00 0.13 29.69 78.05 3.95 162.06 38.29 20.03 0.0 20.03
2023-10-05_17:45:00 0.25 29.04 81.58 4.63 158.9 0.0 0.0 0.0 0.0
2023-10-05_18:00:00 0.35 28.42 84.88 5.09 158.26 0.0 0.0 0.0 0.0
2023-10-05_18:15:00 0.56 28.0 86.53 4.29 175.81 0.0 0.0 0.0 0.0
2023-10-05_18:30:00 0.7 27.57 86.63 3.76 188.53 0.0 0.0 0.0 0.0
2023-10-05_18:45:00 0.72 27.29 86.2 2.31 185.61 0.0 0.0 0.0 0.0
2023-10-05_19:00:00 0.69 27.2 85.51 1.94 181.23 0.0 0.0 0.0 0.0
2023-10-05_19:15:00 0.71 27.21 84.5 2.13 188.78 0.0 0.0 0.0 0.0
2023-10-05_19:30:00 0.68 27.17 84.58 2.31 208.75 0.0 0.0 0.0 0.0
2023-10-05_19:45:00 0.61 27.06 85.19 2.24 216.29 0.0 0.0 0.0 0.0
2023-10-05_20:00:00 0.65 26.96 85.87 2.21 202.79 0.0 0.0 0.0 0.0
2023-10-05_20:15:00 0.68 26.87 86.55 2.47 193.02 0.0 0.0 0.0 0.0
2023-10-05_20:30:00 0.68 26.84 87.24 2.23 188.0 0.0 0.0 0.0 0.0
2023-10-05_20:45:00 0.65 26.81 88.03 1.74 186.57 0.0 0.0 0.0 0.0
2023-10-05_21:00:00 0.67 26.81 88.59 1.58 198.01 0.0 0.0 0.0 0.0
2023-10-05_21:15:00 0.63 26.76 89.13 1.49 199.57 0.0 0.0 0.0 0.0
2023-10-05_21:30:00 0.58 26.76 89.58 1.58 189.43 0.0 0.0 0.0 0.0
2023-10-05_21:45:00 0.58 26.8 89.61 1.93 190.58 0.0 0.0 0.0 0.0
2023-10-05_22:00:00 0.58 26.79 90.03 1.83 190.88 0.0 0.0 0.0 0.0
2023-10-05_22:15:00 0.58 26.81 90.14 1.87 187.29 0.0 0.0 0.0 0.0
2023-10-05_22:30:00 0.58 26.79 90.66 1.81 191.99 0.0 0.0 0.0 0.0
2023-10-05_22:45:00 0.57 26.84 90.72 2.0 195.52 0.0 0.0 0.0 0.0
2023-10-05_23:00:00 0.55 26.81 91.27 1.97 199.81 0.0 0.0 0.0 0.0
2023-10-05_23:15:00 0.56 26.68 92.35 1.89 208.31 0.0 0.0 0.0 0.0
2023-10-05_23:30:00 0.55 26.64 92.83 1.88 211.4 0.0 0.0 0.0 0.0
2023-10-05_23:45:00 0.58 26.56 93.69 1.57 205.71 0.0 0.0 0.0 0.0
2023-10-06_00:00:00 0.64 26.52 93.96 1.54 204.22 0.0 0.0 0.0 0.0
2023-10-06_00:15:00 0.67 26.42 94.51 1.57 197.09 0.0 0.0 0.0 0.0
2023-10-06_00:30:00 0.72 26.37 94.88 1.45 200.08 0.0 0.0 0.0 0.0
2023-10-06_00:45:00 0.78 26.32 95.2 1.39 214.63 0.0 0.0 0.0 0.0
2023-10-06_01:00:00 0.79 26.27 95.5 1.2 223.57 0.0 0.0 0.0 0.0
2023-10-06_01:15:00 0.8 26.23 95.66 1.14 236.09 0.0 0.0 0.0 0.0
2023-10-06_01:30:00 0.79 26.17 95.91 1.33 231.01 0.0 0.0 0.0 0.0
2023-10-06_01:45:00 0.78 26.08 96.1 1.62 222.1 0.0 0.0 0.0 0.0
2023-10-06_02:00:00 0.74 26.05 96.2 1.82 216.02 0.0 0.0 0.0 0.0
2023-10-06_02:15:00 0.75 25.99 96.38 1.73 223.89 0.0 0.0 0.0 0.0
2023-10-06_02:30:00 0.75 25.92 96.59 1.57 226.83 0.0 0.0 0.0 0.0
2023-10-06_02:45:00 0.7 25.95 96.44 1.6 223.77 0.0 0.0 0.0 0.0
2023-10-06_03:00:00 0.64 25.89 96.54 1.58 219.89 0.0 0.0 0.0 0.0
2023-10-06_03:15:00 0.66 25.91 96.16 1.85 220.5 0.0 0.0 0.0 0.0
2023-10-06_03:30:00 0.72 25.86 96.15 1.88 214.31 0.0 0.0 0.0 0.0
2023-10-06_03:45:00 0.72 25.79 96.34 1.68 205.78 0.0 0.0 0.0 0.0
2023-10-06_04:00:00 0.65 25.72 96.44 1.66 206.49 0.0 0.0 0.0 0.0
2023-10-06_04:15:00 0.7 25.68 96.37 1.56 203.23 0.0 0.0 0.0 0.0
2023-10-06_04:30:00 0.66 25.62 96.35 1.76 202.94 0.0 0.0 0.0 0.0
2023-10-06_04:45:00 0.62 25.57 96.36 1.71 206.44 0.0 0.0 0.0 0.0
2023-10-06_05:00:00 0.63 25.5 96.41 1.61 215.83 0.0 0.0 0.0 0.0
2023-10-06_05:15:00 0.69 25.39 96.67 1.43 214.02 0.0 0.0 0.0 0.0
2023-10-06_05:30:00 0.72 25.32 96.63 1.57 210.33 0.0 0.0 0.0 0.0
2023-10-06_05:45:00 0.77 25.26 96.54 1.6 219.79 0.0 0.0 0.0 0.0
2023-10-06_06:00:00 0.74 25.18 96.54 1.54 217.35 0.0 0.0 0.0 0.0
2023-10-06_06:15:00 0.68 25.34 95.53 1.61 215.84 47.13 79.43 38.34 41.1
2023-10-06_06:30:00 0.67 25.32 95.41 1.74 227.01 47.13 78.22 37.12 41.1
2023-10-06_06:45:00 0.63 25.62 93.83 2.23 227.92 136.35 225.37 132.04 93.33
2023-10-06_07:00:00 0.67 25.74 93.12 1.98 224.53 136.35 219.7 126.37 93.33
2023-10-06_07:15:00 0.6 26.19 91.04 2.2 218.62 267.94 382.96 243.84 139.12
2023-10-06_07:30:00 0.6 26.51 89.26 1.86 211.11 267.94 369.22 230.09 139.12
2023-10-06_07:45:00 0.61 27.15 86.18 1.99 223.62 446.65 551.11 475.53 75.58
2023-10-06_08:00:00 0.55 27.56 83.84 2.44 228.55 446.65 516.34 440.76 75.58
2023-10-06_08:15:00 0.6 28.12 81.12 2.39 228.23 556.75 504.56 441.17 63.39
2023-10-06_08:30:00 0.6 28.48 79.11 2.6 230.72 556.75 462.44 399.04 63.39
2023-10-06_08:45:00 0.64 28.95 76.97 2.8 234.78 675.03 440.49 382.55 57.95
2023-10-06_09:00:00 0.66 29.28 75.11 2.68 233.98 675.03 391.43 333.48 57.95
2023-10-06_09:15:00 0.67 29.68 73.19 2.78 236.38 768.08 352.42 287.48 64.94
2023-10-06_09:30:00 0.7 29.97 71.64 2.83 242.36 768.08 299.71 234.78 64.94
2023-10-06_09:45:00 0.74 30.32 70.12 2.92 245.62 846.24 250.37 184.14 66.23
2023-10-06_10:00:00 0.76 30.58 69.03 3.02 246.12 846.24 194.96 128.73 66.23
2023-10-06_10:15:00 0.76 30.87 67.84 3.13 244.04 910.77 149.91 73.33 76.58
2023-10-06_10:30:00 0.8 31.09 66.88 3.06 246.54 910.77 95.09 18.51 76.58
2023-10-06_10:45:00 0.77 31.21 66.23 3.15 247.53 695.2 126.67 0.0 126.67
2023-10-06_11:00:00 0.75 31.37 65.49 3.16 246.87 695.2 126.67 0.0 126.67
2023-10-06_11:15:00 0.72 31.6 64.44 3.21 245.14 931.04 111.32 0.0 111.32
2023-10-06_11:30:00 0.68 31.79 63.46 3.3 244.26 931.04 111.32 0.0 111.32
2023-10-06_11:45:00 0.64 32.03 62.3 3.15 245.04 944.16 102.52 0.0 102.52
2023-10-06_12:00:00 0.65 32.25 61.24 3.19 245.73 944.16 102.52 0.0 102.52
2023-10-06_12:15:00 0.66 32.35 60.67 3.18 243.58 742.72 90.37 0.0 90.37
2023-10-06_12:30:00 0.62 32.48 60.05 3.13 239.9 742.72 90.37 0.0 90.37
2023-10-06_12:45:00 0.6 32.58 59.55 2.89 241.92 894.41 71.48 0.0 71.48
2023-10-06_13:00:00 0.57 32.72 58.94 2.87 240.97 894.41 71.48 0.0 71.48
2023-10-06_13:15:00 0.44 32.78 58.56 3.05 234.66 711.78 112.62 0.0 112.62
2023-10-06_13:30:00 0.38 32.89 58.02 3.06 229.54 711.78 112.62 0.0 112.62
2023-10-06_13:45:00 0.38 33.09 57.24 3.28 227.77 780.02 66.86 0.0 66.86
2023-10-06_14:00:00 0.46 33.24 56.75 3.11 224.61 780.02 66.86 0.0 66.86
2023-10-06_14:15:00 0.49 33.32 56.47 2.97 220.78 717.22 80.74 0.0 80.74
2023-10-06_14:30:00 0.42 33.39 56.37 3.19 216.55 717.22 80.74 0.0 80.74
2023-10-06_14:45:00 0.43 33.32 56.7 3.09 212.21 593.63 74.66 0.0 74.66
2023-10-06_15:00:00 0.37 33.27 57.17 3.26 209.2 593.63 74.66 0.0 74.66
2023-10-06_15:15:00 0.38 33.12 58.09 2.99 203.0 519.96 54.85 0.0 54.85
2023-10-06_15:30:00 0.39 33.07 58.86 2.67 199.43 519.96 54.85 0.0 54.85
2023-10-06_15:45:00 0.32 32.83 60.32 3.01 192.92 375.55 77.33 0.0 77.33
2023-10-06_16:00:00 0.27 32.67 61.92 3.4 185.97 375.55 77.33 0.0 77.33
2023-10-06_16:15:00 0.32 32.17 64.95 3.51 174.09 265.42 81.41 0.0 81.41
2023-10-06_16:30:00 0.31 31.79 67.58 3.78 161.57 265.42 81.41 0.0 81.41
2023-10-06_16:45:00 0.33 31.2 70.93 4.12 157.43 120.55 27.7 0.0 27.7
2023-10-06_17:00:00 0.34 30.81 73.28 4.65 163.25 120.55 27.7 0.0 27.7
2023-10-06_17:15:00 0.33 30.1 76.69 4.64 167.79 43.45 15.16 0.0 15.16
2023-10-06_17:30:00 0.39 29.42 80.64 5.35 164.68 43.45 15.16 0.0 15.16
2023-10-06_17:45:00 0.67 28.3 85.86 6.68 175.24 0.0 0.0 0.0 0.0
2023-10-06_18:00:00 0.66 27.25 87.38 6.27 189.02 0.0 0.0 0.0 0.0
2023-10-06_18:15:00 0.81 26.72 85.9 5.45 190.54 0.0 0.0 0.0 0.0
2023-10-06_18:30:00 0.82 26.51 85.62 4.58 190.56 0.0 0.0 0.0 0.0
2023-10-06_18:45:00 0.97 26.53 85.48 3.18 197.52 0.0 0.0 0.0 0.0
2023-10-06_19:00:00 0.96 26.69 85.24 2.18 218.94 0.0 0.0 0.0 0.0
2023-10-06_19:15:00 0.96 26.83 85.06 1.71 210.7 0.0 0.0 0.0 0.0
2023-10-06_19:30:00 0.91 26.84 85.63 1.56 202.36 0.0 0.0 0.0 0.0
2023-10-06_19:45:00 0.89 26.84 86.21 1.35 203.76 0.0 0.0 0.0 0.0
2023-10-06_20:00:00 0.84 26.86 86.6 1.34 198.52 0.0 0.0 0.0 0.0
2023-10-06_20:15:00 0.81 26.83 87.08 1.72 204.59 0.0 0.0 0.0 0.0
2023-10-06_20:30:00 0.82 26.82 87.69 1.49 212.05 0.0 0.0 0.0 0.0
2023-10-06_20:45:00 0.78 26.78 88.13 0.99 201.61 0.0 0.0 0.0 0.0
2023-10-06_21:00:00 0.73 26.75 88.73 0.87 182.62 0.0 0.0 0.0 0.0
2023-10-06_21:15:00 0.7 26.74 88.74 0.99 176.16 0.0 0.0 0.0 0.0
2023-10-06_21:30:00 0.78 26.74 89.04 1.2 176.57 0.0 0.0 0.0 0.0
2023-10-06_21:45:00 0.83 26.75 89.02 1.32 175.53 0.0 0.0 0.0 0.0
2023-10-06_22:00:00 0.77 26.69 89.58 1.54 188.51 0.0 0.0 0.0 0.0
2023-10-06_22:15:00 0.75 26.63 89.89 1.81 206.35 0.0 0.0 0.0 0.0
2023-10-06_22:30:00 0.79 26.58 90.24 1.91 218.12 0.0 0.0 0.0 0.0
2023-10-06_22:45:00 0.82 26.58 90.36 1.89 220.15 0.0 0.0 0.0 0.0
2023-10-06_23:00:00 0.82 26.55 90.64 1.58 216.13 0.0 0.0 0.0 0.0
2023-10-06_23:15:00 0.79 26.5 91.09 1.47 215.36 0.0 0.0 0.0 0.0
2023-10-06_23:30:00 0.75 26.44 91.11 1.66 223.92 0.0 0.0 0.0 0.0
2023-10-06_23:45:00 0.77 26.4 91.48 1.69 222.37 0.0 0.0 0.0 0.0
2023-10-07_00:00:00 0.81 26.38 91.94 1.24 222.1 0.0 0.0 0.0 0.0
2023-10-07_00:15:00 0.79 26.35 92.26 1.02 221.42 0.0 0.0 0.0 0.0
2023-10-07_00:30:00 0.8 26.34 92.37 1.06 222.41 0.0 0.0 0.0 0.0
2023-10-07_00:45:00 0.8 26.28 92.81 1.16 215.54 0.0 0.0 0.0 0.0
2023-10-07_01:00:00 0.8 26.24 93.01 1.27 205.56 0.0 0.0 0.0 0.0
2023-10-07_01:15:00 0.81 26.22 93.19 1.13 204.93 0.0 0.0 0.0 0.0
2023-10-07_01:30:00 0.8 26.2 93.61 0.95 188.75 0.0 0.0 0.0 0.0
2023-10-07_01:45:00 0.81 26.07 94.16 0.96 185.48 0.0 0.0 0.0 0.0
2023-10-07_02:00:00 0.84 26.04 94.39 1.1 200.26 0.0 0.0 0.0 0.0
2023-10-07_02:15:00 0.85 26.04 94.46 1.14 202.56 0.0 0.0 0.0 0.0
2023-10-07_02:30:00 0.85 26.02 94.69 0.99 213.05 0.0 0.0 0.0 0.0
2023-10-07_02:45:00 0.82 26.04 94.85 0.98 225.02 0.0 0.0 0.0 0.0
2023-10-07_03:00:00 0.82 26.01 95.02 0.85 232.25 0.0 0.0 0.0 0.0
2023-10-07_03:15:00 0.83 25.9 95.27 0.89 247.97 0.0 0.0 0.0 0.0
2023-10-07_03:30:00 0.86 25.88 95.32 0.91 244.7 0.0 0.0 0.0 0.0
2023-10-07_03:45:00 0.86 25.85 95.37 0.85 228.27 0.0 0.0 0.0 0.0
2023-10-07_04:00:00 0.85 25.83 95.37 0.89 202.89 0.0 0.0 0.0 0.0
2023-10-07_04:15:00 0.85 25.86 95.33 1.0 194.56 0.0 0.0 0.0 0.0
2023-10-07_04:30:00 0.85 25.85 95.32 0.88 193.92 0.0 0.0 0.0 0.0
2023-10-07_04:45:00 0.86 25.82 95.15 0.69 219.18 0.0 0.0 0.0 0.0
2023-10-07_05:00:00 0.85 25.79 95.21 0.74 237.88 0.0 0.0 0.0 0.0
2023-10-07_05:15:00 0.85 25.8 95.27 0.93 235.79 0.0 0.0 0.0 0.0
2023-10-07_05:30:00 0.85 25.77 95.39 1.18 216.99 0.0 0.0 0.0 0.0
2023-10-07_05:45:00 0.85 25.76 95.37 1.26 211.83 0.0 0.0 0.0 0.0
2023-10-07_06:00:00 0.83 25.71 95.55 1.33 209.18 0.0 0.0 0.0 0.0
2023-10-07_06:15:00 0.84 26.01 94.48 1.53 202.97 45.81 74.38 33.97 40.4
2023-10-07_06:30:00 0.85 26.04 94.47 1.4 196.98 45.81 73.3 32.89 40.4
2023-10-07_06:45:00 0.85 26.32 93.34 1.26 197.64 102.33 135.73 50.28 85.45
2023-10-07_07:00:00 0.83 26.41 93.05 1.24 207.62 102.33 133.56 48.11 85.45
