time clf t2 rh ws wd ghi poa_global poa_direct poa_diffuse
2023-09-14_07:00:00 0.81 25.46 92.43 1.7 289.5 0.0 0.0 0.0 0.0
2023-09-14_07:15:00 0.72 26.49 87.08 2.34 280.3 325.71 634.8 591.96 42.84
2023-09-14_07:30:00 0.68 26.88 85.06 2.04 284.29 325.71 605.56 562.72 42.84
2023-09-14_07:45:00 0.62 27.35 82.79 2.08 283.43 448.7 617.4 562.65 54.75
2023-09-14_08:00:00 0.64 27.65 81.05 2.26 283.25 448.7 581.62 526.87 54.75
2023-09-14_08:15:00 0.69 28.04 79.11 2.32 275.94 566.87 574.65 517.79 56.86
2023-09-14_08:30:00 0.72 28.33 77.24 2.49 274.56 566.87 532.32 475.46 56.86
2023-09-14_08:45:00 0.7 28.72 74.98 2.97 276.31 675.25 505.76 448.27 57.48
2023-09-14_09:00:00 0.7 29.01 72.99 2.91 272.98 675.25 457.9 400.42 57.48
2023-09-14_09:15:00 0.76 29.39 70.94 2.86 275.3 760.53 413.83 353.77 60.06
2023-09-14_09:30:00 0.83 29.59 70.04 2.91 274.92 760.53 362.55 302.5 60.06
2023-09-14_09:45:00 0.85 29.11 72.55 2.67 272.08 211.71 141.93 33.52 108.4
2023-09-14_10:00:00 0.94 29.07 73.03 2.75 273.56 211.71 134.78 26.37 108.4
2023-09-14_10:15:00 0.98 28.19 77.54 2.4 278.89 18.12 18.02 0.0 18.02
2023-09-14_10:30:00 0.98 27.99 78.28 2.48 281.49 18.12 18.02 0.0 18.02
2023-09-14_10:45:00 0.98 27.84 78.48 2.44 289.58 23.15 23.02 0.0 23.02
2023-09-14_11:00:00 0.98 27.7 78.83 2.3 294.6 23.15 23.02 0.0 23.02
2023-09-14_11:15:00 0.98 27.86 77.6 2.31 297.86 70.73 70.28 0.0 70.28
2023-09-14_11:30:00 0.98 27.85 77.36 2.04 289.66 70.73 70.28 0.0 70.28
2023-09-14_11:45:00 0.98 28.01 75.99 1.97 293.82 109.12 107.16 0.0 107.16
2023-09-14_12:00:00 0.98 27.93 76.39 2.16 306.75 109.12 107.16 0.0 107.16
2023-09-14_12:15:00 0.97 28.04 76.08 2.79 293.74 136.61 126.53 0.0 126.53
2023-09-14_12:30:00 0.93 28.14 75.82 2.75 299.05 136.61 126.53 0.0 126.53
2023-09-14_12:45:00 0.92 29.09 72.11 3.11 289.44 852.29 140.99 0.0 140.99
2023-09-14_13:00:00 0.84 29.24 72.28 3.32 277.68 852.29 140.99 0.0 140.99
2023-09-14_13:15:00 0.81 29.42 72.56 3.01 273.6 860.88 77.52 0.0 77.52
2023-09-14_13:30:00 0.78 29.56 72.42 2.7 272.88 860.88 77.52 0.0 77.52
2023-09-14_13:45:00 0.83 29.77 71.59 2.9 276.76 814.68 194.69 0.0 194.69
2023-09-14_14:00:00 0.84 29.97 70.51 2.96 286.68 814.68 194.69 0.0 194.69
2023-09-14_14:15:00 0.82 30.08 69.78 2.94 285.25 656.59 368.49 0.0 368.49
2023-09-14_14:30:00 0.76 30.28 68.94 2.9 286.14 656.59 368.49 0.0 368.49
2023-09-14_14:45:00 0.65 30.31 68.42 2.8 288.98 409.34 113.27 0.0 113.27
2023-09-14_15:00:00 0.61 30.45 67.29 2.84 289.17 409.34 113.27 0.0 113.27
2023-09-14_15:15:00 0.63 30.63 66.15 2.7 289.91 590.13 55.84 0.0 55.84
2023-09-14_15:30:00 0.49 30.73 65.6 2.71 292.1 590.13 55.84 0.0 55.84
2023-09-14_15:45:00 0.54 30.53 66.34 3.03 293.71 336.85 189.0 0.0 189.0
2023-09-14_16:00:00 0.56 30.5 66.58 3.39 295.92 336.85 189.0 0.0 189.0
2023-09-14_16:15:00 0.54 30.26 67.75 3.65 288.21 279.39 236.97 0.0 236.97
2023-09-14_16:30:00 0.63 30.05 68.95 4.19 273.0 279.39 236.97 0.0 236.97
2023-09-14_16:45:00 0.77 28.69 74.24 5.04 255.15 125.78 122.24 0.0 122.24
2023-09-14_17:00:00 0.87 26.96 80.0 5.52 242.72 125.78 122.24 0.0 122.24
2023-09-14_17:15:00 0.9 25.92 83.97 5.25 241.83 49.75 49.47 0.0 49.47
2023-09-14_17:30:00 0.93 25.52 87.51 5.59 248.43 49.75 49.47 0.0 49.47
2023-09-14_17:45:00 0.86 25.21 90.02 5.1 256.51 7.35 7.31 0.0 7.31
2023-09-14_18:00:00 0.79 25.25 90.33 4.77 263.16 7.35 7.31 0.0 7.31
2023-09-14_18:15:00 0.8 25.44 88.91 4.33 265.78 0.0 0.0 0.0 0.0
2023-09-14_18:30:00 0.84 25.61 87.57 4.16 268.45 0.0 0.0 0.0 0.0
2023-09-14_18:45:00 0.76 25.65 86.83 4.13 267.24 0.0 0.0 0.0 0.0
2023-09-14_19:00:00 0.69 25.51 87.2 3.44 258.14 0.0 0.0 0.0 0.0
2023-09-14_19:15:00 0.68 25.33 87.79 3.17 251.92 0.0 0.0 0.0 0.0
2023-09-14_19:30:00 0.77 25.21 88.2 2.53 250.72 0.0 0.0 0.0 0.0
2023-09-14_19:45:00 0.77 25.01 89.3 2.03 242.55 0.0 0.0 0.0 0.0
2023-09-14_20:00:00 0.75 24.92 89.57 2.04 232.22 0.0 0.0 0.0 0.0
2023-09-14_20:15:00 0.79 24.84 89.45 2.12 229.14 0.0 0.0 0.0 0.0
2023-09-14_20:30:00 0.79 24.78 89.36 2.07 229.94 0.0 0.0 0.0 0.0
2023-09-14_20:45:00 0.83 24.77 89.21 1.93 233.74 0.0 0.0 0.0 0.0
2023-09-14_21:00:00 0.84 24.74 89.12 1.86 238.62 0.0 0.0 0.0 0.0
2023-09-14_21:15:00 0.82 24.68 89.34 1.82 245.77 0.0 0.0 0.0 0.0
2023-09-14_21:30:00 0.79 24.66 89.57 1.75 245.62 0.0 0.0 0.0 0.0
2023-09-14_21:45:00 0.75 24.68 89.44 1.97 245.44 0.0 0.0 0.0 0.0
2023-09-14_22:00:00 0.72 24.74 89.15 2.15 250.55 0.0 0.0 0.0 0.0
2023-09-14_22:15:00 0.71 24.76 89.41 2.11 251.84 0.0 0.0 0.0 0.0
2023-09-14_22:30:00 0.62 24.82 89.25 2.28 255.48 0.0 0.0 0.0 0.0
2023-09-14_22:45:00 0.57 24.96 88.72 2.55 255.73 0.0 0.0 0.0 0.0
2023-09-14_23:00:00 0.62 24.98 88.92 2.56 251.42 0.0 0.0 0.0 0.0
2023-09-14_23:15:00 0.63 25.01 88.93 2.77 253.62 0.0 0.0 0.0 0.0
2023-09-14_23:30:00 0.57 24.98 89.17 2.93 252.63 0.0 0.0 0.0 0.0
2023-09-14_23:45:00 0.59 24.81 90.18 2.57 250.54 0.0 0.0 0.0 0.0
2023-09-15_00:00:00 0.59 24.63 91.23 2.39 249.42 0.0 0.0 0.0 0.0
2023-09-15_00:15:00 0.6 24.52 91.81 2.35 243.92 0.0 0.0 0.0 0.0
2023-09-15_00:30:00 0.65 24.41 92.57 2.26 243.12 0.0 0.0 0.0 0.0
2023-09-15_00:45:00 0.7 24.45 92.47 2.25 246.24 0.0 0.0 0.0 0.0
2023-09-15_01:00:00 0.69 24.43 92.8 2.3 245.23 0.0 0.0 0.0 0.0
2023-09-15_01:15:00 0.68 24.28 93.75 2.07 243.89 0.0 0.0 0.0 0.0
2023-09-15_01:30:00 0.7 24.2 94.27 2.01 242.37 0.0 0.0 0.0 0.0
2023-09-15_01:45:00 0.69 24.13 94.77 2.02 242.35 0.0 0.0 0.0 0.0
2023-09-15_02:00:00 0.69 24.08 95.13 1.97 241.84 0.0 0.0 0.0 0.0
2023-09-15_02:15:00 0.73 24.03 95.54 1.85 237.63 0.0 0.0 0.0 0.0
2023-09-15_02:30:00 0.75 24.01 95.66 1.82 238.3 0.0 0.0 0.0 0.0
2023-09-15_02:45:00 0.78 23.96 95.77 1.69 236.03 0.0 0.0 0.0 0.0
2023-09-15_03:00:00 0.85 23.97 95.79 1.56 233.3 0.0 0.0 0.0 0.0
2023-09-15_03:15:00 0.8 24.11 95.35 1.67 233.0 0.0 0.0 0.0 0.0
2023-09-15_03:30:00 0.83 24.09 95.57 1.24 227.61 0.0 0.0 0.0 0.0
2023-09-15_03:45:00 0.83 24.39 95.32 1.19 223.68 0.0 0.0 0.0 0.0
2023-09-15_04:00:00 0.72 24.38 95.23 1.42 220.55 0.0 0.0 0.0 0.0
2023-09-15_04:15:00 0.62 24.5 94.69 1.62 220.91 0.0 0.0 0.0 0.0
2023-09-15_04:30:00 0.73 24.51 94.89 1.44 212.36 0.0 0.0 0.0 0.0
2023-09-15_04:45:00 0.68 24.5 95.03 1.48 218.23 0.0 0.0 0.0 0.0
2023-09-15_05:00:00 0.67 24.49 95.26 1.36 216.9 0.0 0.0 0.0 0.0
2023-09-15_05:15:00 0.66 24.3 95.82 1.31 219.55 0.0 0.0 0.0 0.0
2023-09-15_05:30:00 0.68 24.3 95.95 1.23 219.08 0.0 0.0 0.0 0.0
2023-09-15_05:45:00 0.71 24.21 95.74 1.22 219.87 0.0 0.0 0.0 0.0
2023-09-15_06:00:00 0.63 24.16 96.0 1.27 223.65 0.0 0.0 0.0 0.0
2023-09-15_06:15:00 0.67 24.99 93.27 1.36 229.65 80.46 440.27 416.41 23.86
2023-09-15_06:30:00 0.68 25.11 92.98 1.39 239.26 80.46 428.77 404.91 23.86
2023-09-15_06:45:00 0.79 25.63 90.94 1.52 244.0 199.66 590.43 554.77 35.66
2023-09-15_07:00:00 0.74 25.84 90.12 1.83 250.28 199.66 569.42 533.76 35.66
2023-09-15_07:15:00 0.65 26.3 88.41 2.27 255.3 324.77 630.0 587.1 42.9
2023-09-15_07:30:00 0.65 26.63 86.99 2.49 259.31 324.77 600.82 557.93 42.9
2023-09-15_07:45:00 0.66 27.17 84.93 2.47 259.35 448.59 617.29 569.3 47.99
2023-09-15_08:00:00 0.72 27.54 83.48 2.51 259.55 448.59 580.86 532.87 47.99
2023-09-15_08:15:00 0.68 27.97 81.95 3.12 258.5 564.96 569.79 517.11 52.69
2023-09-15_08:30:00 0.69 28.27 80.55 3.52 260.28 564.96 527.22 474.54 52.69
2023-09-15_08:45:00 0.64 28.63 78.85 3.71 260.05 675.14 501.86 446.97 54.89
2023-09-15_09:00:00 0.6 28.9 77.16 3.82 261.59 675.14 453.75 398.86 54.89
2023-09-15_09:15:00 0.67 29.26 75.08 3.75 262.14 772.08 415.04 357.81 57.23
2023-09-15_09:30:00 0.73 29.52 73.47 3.38 260.99 772.08 362.66 305.43 57.23
2023-09-15_09:45:00 0.66 29.81 72.21 3.67 261.36 853.16 321.83 252.45 69.38
2023-09-15_10:00:00 0.59 29.99 71.61 3.79 261.53 853.16 267.23 197.85 69.38
2023-09-15_10:15:00 0.56 30.19 71.31 4.05 259.4 903.81 216.68 141.04 75.64
2023-09-15_10:30:00 0.56 30.32 71.48 4.03 255.59 903.81 162.09 86.45 75.64
2023-09-15_10:45:00 0.55 30.27 71.95 3.84 255.87 645.61 109.55 21.43 88.12
2023-09-15_11:00:00 0.57 30.41 71.27 3.89 254.65 645.61 88.12 0.0 88.12
2023-09-15_11:15:00 0.59 30.64 70.05 3.96 252.74 800.71 75.39 0.0 75.39
2023-09-15_11:30:00 0.57 30.84 68.97 4.04 252.97 800.71 75.39 0.0 75.39
2023-09-15_11:45:00 0.46 30.61 68.45 4.12 258.07 402.65 57.12 0.0 57.12
2023-09-15_12:00:00 0.42 30.73 66.21 4.3 257.76 402.65 57.12 0.0 57.12
2023-09-15_12:15:00 0.33 31.44 61.77 5.17 258.7 817.32 81.29 0.0 81.29
2023-09-15_12:30:00 0.27 31.44 61.47 5.58 256.83 817.32 81.29 0.0 81.29
2023-09-15_12:45:00 0.36 31.46 61.37 5.16 254.84 981.72 61.6 0.0 61.6
2023-09-15_13:00:00 0.43 31.55 61.02 5.14 255.77 981.72 61.6 0.0 61.6
2023-09-15_13:15:00 0.34 31.58 61.34 4.77 258.26 935.75 60.76 0.0 60.76
2023-09-15_13:30:00 0.29 31.65 61.8 4.3 250.67 935.75 60.76 0.0 60.76
2023-09-15_13:45:00 0.27 31.61 62.74 4.53 247.67 842.44 61.46 0.0 61.46
2023-09-15_14:00:00 0.25 30.96 67.37 5.55 260.96 842.44 61.46 0.0 61.46
2023-09-15_14:15:00 0.42 29.84 72.46 5.74 274.46 689.27 55.49 0.0 55.49
2023-09-15_14:30:00 0.56 29.79 71.5 5.01 280.94 689.27 55.49 0.0 55.49
2023-09-15_14:45:00 0.64 29.84 70.6 3.72 284.08 599.87 58.83 0.0 58.83
2023-09-15_15:00:00 0.63 30.0 70.84 3.53 273.47 599.87 58.83 0.0 58.83
2023-09-15_15:15:00 0.78 30.13 72.27 3.89 270.78 467.88 62.13 0.0 62.13
2023-09-15_15:30:00 0.8 30.23 73.34 4.46 265.59 467.88 62.13 0.0 62.13
2023-09-15_15:45:00 0.79 29.23 77.85 6.85 265.11 385.54 81.89 0.0 81.89
2023-09-15_16:00:00 0.72 27.84 82.69 8.82 260.68 385.54 81.89 0.0 81.89
2023-09-15_16:15:00 0.67 26.81 85.69 7.93 256.36 79.55 17.87 0.0 17.87
2023-09-15_16:30:00 0.71 26.69 85.8 6.55 252.92 79.55 17.87 0.0 17.87
2023-09-15_16:45:00 0.77 26.84 86.68 5.79 250.64 207.62 37.32 0.0 37.32
2023-09-15_17:00:00 0.92 26.87 87.07 5.33 249.09 207.62 37.32 0.0 37.32
2023-09-15_17:15:00 0.97 26.65 87.37 4.41 241.98 91.04 32.27 0.0 32.27
2023-09-15_17:30:00 0.79 26.56 86.65 4.58 240.05 91.04 32.27 0.0 32.27
2023-09-15_17:45:00 0.74 26.23 86.5 3.6 231.12 3.26 3.24 0.0 3.24
2023-09-15_18:00:00 0.77 26.19 85.96 3.21 228.57 3.26 3.24 0.0 3.24
2023-09-15_18:15:00 0.75 26.16 85.24 3.19 231.61 0.0 0.0 0.0 0.0
2023-09-15_18:30:00 0.85 26.21 85.09 2.67 242.18 0.0 0.0 0.0 0.0
2023-09-15_18:45:00 0.77 26.3 84.69 2.95 241.12 0.0 0.0 0.0 0.0
2023-09-15_19:00:00 0.74 26.35 84.91 2.77 238.54 0.0 0.0 0.0 0.0
2023-09-15_19:15:00 0.73 26.38 85.34 2.7 225.71 0.0 0.0 0.0 0.0
2023-09-15_19:30:00 0.7 26.42 85.96 2.5 226.51 0.0 0.0 0.0 0.0
2023-09-15_19:45:00 0.81 26.42 86.83 2.18 225.12 0.0 0.0 0.0 0.0
2023-09-15_20:00:00 0.87 26.41 87.5 2.15 220.04 0.0 0.0 0.0 0.0
2023-09-15_20:15:00 0.75 26.44 87.49 2.72 230.76 0.0 0.0 0.0 0.0
2023-09-15_20:30:00 0.72 26.47 87.07 3.36 237.21 0.0 0.0 0.0 0.0
2023-09-15_20:45:00 0.78 26.4 86.96 3.07 241.68 0.0 0.0 0.0 0.0
2023-09-15_21:00:00 0.71 26.35 86.68 2.99 256.69 0.0 0.0 0.0 0.0
2023-09-15_21:15:00 0.71 26.32 86.24 3.27 259.62 0.0 0.0 0.0 0.0
2023-09-15_21:30:00 0.82 26.21 86.94 2.56 249.33 0.0 0.0 0.0 0.0
2023-09-15_21:45:00 0.83 26.14 87.46 2.44 235.41 0.0 0.0 0.0 0.0
2023-09-15_22:00:00 0.83 26.11 87.59 2.95 222.31 0.0 0.0 0.0 0.0
2023-09-15_22:15:00 0.85 26.08 88.04 3.32 219.43 0.0 0.0 0.0 0.0
2023-09-15_22:30:00 0.85 26.0 88.79 3.31 224.13 0.0 0.0 0.0 0.0
2023-09-15_22:45:00 0.85 26.0 89.0 3.32 234.13 0.0 0.0 0.0 0.0
2023-09-15_23:00:00 0.76 25.94 89.47 3.03 239.79 0.0 0.0 0.0 0.0
2023-09-15_23:15:00 0.68 25.74 90.67 2.51 240.07 0.0 0.0 0.0 0.0
2023-09-15_23:30:00 0.73 25.67 91.08 2.5 233.55 0.0 0.0 0.0 0.0
2023-09-15_23:45:00 0.71 25.63 91.24 2.87 233.56 0.0 0.0 0.0 0.0
2023-09-16_00:00:00 0.68 25.59 91.47 2.97 232.8 0.0 0.0 0.0 0.0
2023-09-16_00:15:00 0.69 25.51 91.96 2.93 226.33 0.0 0.0 0.0 0.0
2023-09-16_00:30:00 0.67 25.48 92.09 3.26 226.21 0.0 0.0 0.0 0.0
2023-09-16_00:45:00 0.62 25.37 92.58 3.12 230.26 0.0 0.0 0.0 0.0
2023-09-16_01:00:00 0.56 25.29 92.98 2.97 233.65 0.0 0.0 0.0 0.0
2023-09-16_01:15:00 0.56 25.15 93.77 2.37 227.0 0.0 0.0 0.0 0.0
2023-09-16_01:30:00 0.58 25.06 94.27 2.25 223.28 0.0 0.0 0.0 0.0
2023-09-16_01:45:00 0.53 25.04 94.26 2.65 224.61 0.0 0.0 0.0 0.0
2023-09-16_02:00:00 0.57 25.04 94.21 2.95 224.2 0.0 0.0 0.0 0.0
2023-09-16_02:15:00 0.61 24.95 94.6 2.69 219.82 0.0 0.0 0.0 0.0
2023-09-16_02:30:00 0.57 24.95 94.54 2.82 229.24 0.0 0.0 0.0 0.0
2023-09-16_02:45:00 0.56 24.95 94.36 3.33 231.48 0.0 0.0 0.0 0.0
2023-09-16_03:00:00 0.54 24.93 94.29 3.33 231.42 0.0 0.0 0.0 0.0
2023-09-16_03:15:00 0.52 24.81 94.79 3.05 231.53 0.0 0.0 0.0 0.0
2023-09-16_03:30:00 0.49 24.75 95.12 2.92 232.57 0.0 0.0 0.0 0.0
2023-09-16_03:45:00 0.47 24.6 95.84 2.52 229.06 0.0 0.0 0.0 0.0
2023-09-16_04:00:00 0.51 24.5 96.33 2.36 221.38 0.0 0.0 0.0 0.0
2023-09-16_04:15:00 0.5 24.51 96.33 2.6 215.21 0.0 0.0 0.0 0.0
2023-09-16_04:30:00 0.46 24.48 96.47 2.72 219.46 0.0 0.0 0.0 0.0
2023-09-16_04:45:00 0.47 24.36 96.94 2.6 223.26 0.0 0.0 0.0 0.0
2023-09-16_05:00:00 0.57 24.1 97.77 1.92 219.39 0.0 0.0 0.0 0.0
2023-09-16_05:15:00 0.65 24.04 97.95 1.82 209.45 0.0 0.0 0.0 0.0
2023-09-16_05:30:00 0.64 24.07 97.93 1.98 214.18 0.0 0.0 0.0 0.0
2023-09-16_05:45:00 0.65 24.2 97.46 2.5 213.71 0.0 0.0 0.0 0.0
2023-09-16_06:00:00 0.58 24.17 97.49 2.44 218.6 0.0 0.0 0.0 0.0
2023-09-16_06:15:00 0.61 24.81 95.13 2.46 224.77 78.32 423.29 399.62 23.67
2023-09-16_06:30:00 0.56 24.95 94.8 2.87 226.71 78.32 412.17 388.51 23.67
2023-09-16_06:45:00 0.53 25.46 93.1 3.75 228.32 188.4 466.9 396.57 70.32
2023-09-16_07:00:00 0.53 25.69 92.04 4.01 229.69 188.4 451.78 381.46 70.32
2023-09-16_07:15:00 0.52 26.07 89.25 4.53 230.42 323.29 623.82 580.67 43.15
2023-09-16_07:30:00 0.47 26.21 86.92 4.66 233.22 323.29 594.79 551.63 43.15
2023-09-16_07:45:00 0.47 26.54 84.29 4.6 236.02 432.8 591.35 541.9 49.45
2023-09-16_08:00:00 0.5 26.69 82.45 4.47 239.78 432.8 556.44 506.99 49.45
2023-09-16_08:15:00 0.51 26.94 80.64 4.56 243.58 540.11 541.78 489.46 52.32
2023-09-16_08:30:00 0.53 27.04 79.75 4.65 245.83 540.11 501.2 448.88 52.32
2023-09-16_08:45:00 0.64 27.21 79.02 4.45 249.01 584.92 437.75 369.79 67.97
2023-09-16_09:00:00 0.77 27.35 78.62 4.47 248.53 584.92 397.63 329.66 67.97
2023-09-16_09:15:00 0.79 26.92 80.44 4.22 248.55 154.66 117.83 35.82 82.01
2023-09-16_09:30:00 0.78 26.83 81.43 3.71 250.22 154.66 112.54 30.52 82.01
2023-09-16_09:45:00 0.75 27.75 78.84 3.97 251.47 824.0 318.08 235.69 82.38
2023-09-16_10:00:00 0.8 28.23 77.49 4.17 254.61 824.0 266.38 184.0 82.38
2023-09-16_10:15:00 0.87 28.73 76.41 4.36 252.86 898.09 312.8 116.58 196.22
2023-09-16_10:30:00 0.92 29.04 76.27 4.48 252.79 898.09 266.56 70.35 196.22
2023-09-16_10:45:00 0.88 29.18 76.65 4.63 254.12 817.41 381.49 15.62 365.87
2023-09-16_11:00:00 0.86 29.29 77.01 4.68 247.27 817.41 365.87 0.0 365.87
2023-09-16_11:15:00 0.8 29.24 76.48 4.75 239.4 714.64 203.42 0.0 203.42
2023-09-16_11:30:00 0.85 29.4 74.91 4.51 238.25 714.64 203.42 0.0 203.42
2023-09-16_11:45:00 0.9 29.84 72.83 4.39 235.77 978.7 118.51 0.0 118.51
2023-09-16_12:00:00 0.92 30.1 71.52 4.35 240.16 978.7 118.51 0.0 118.51
2023-09-16_12:15:00 0.83 30.41 70.44 4.19 246.58 1004.05 62.2 0.0 62.2
2023-09-16_12:30:00 0.78 30.61 69.73 4.48 245.3 1004.05 62.2 0.0 62.2
2023-09-16_12:45:00 0.76 30.69 69.58 4.34 249.89 972.76 63.14 0.0 63.14
2023-09-16_13:00:00 0.77 30.85 69.33 4.2 252.6 972.76 63.14 0.0 63.14
2023-09-16_13:15:00 0.79 30.63 70.3 4.2 246.86 607.93 71.5 0.0 71.5
2023-09-16_13:30:00 0.78 30.68 70.34 3.98 259.1 607.93 71.5 0.0 71.5
2023-09-16_13:45:00 0.69 30.74 69.95 3.58 251.45 527.53 72.12 0.0 72.12
2023-09-16_14:00:00 0.71 30.84 69.06 3.33 263.26 527.53 72.12 0.0 72.12
2023-09-16_14:15:00 0.62 31.23 66.98 4.21 266.08 787.36 69.8 0.0 69.8
2023-09-16_14:30:00 0.75 31.22 67.19 3.91 242.21 787.36 69.8 0.0 69.8
2023-09-16_14:45:00 0.94 30.82 68.87 3.6 220.64 558.39 76.15 0.0 76.15
2023-09-16_15:00:00 0.81 30.73 68.93 3.06 213.94 558.39 76.15 0.0 76.15
2023-09-16_15:15:00 0.8 30.54 69.74 3.12 207.92 513.95 192.26 0.0 192.26
2023-09-16_15:30:00 0.65 30.35 71.24 3.4 211.09 513.95 192.26 0.0 192.26
2023-09-16_15:45:00 0.66 29.6 74.21 3.76 208.86 188.11 150.22 0.0 150.22
2023-09-16_16:00:00 0.76 29.03 76.19 5.55 198.55 188.11 150.22 0.0 150.22
2023-09-16_16:15:00 0.77 28.18 82.21 6.92 193.26 67.3 18.83 0.0 18.83
2023-09-16_16:30:00 0.96 27.76 84.77 6.17 204.55 67.3 18.83 0.0 18.83
2023-09-16_16:45:00 0.87 27.14 86.04 5.42 212.99 43.57 42.86 0.0 42.86
2023-09-16_17:00:00 0.85 26.82 87.19 4.09 215.21 43.57 42.86 0.0 42.86
2023-09-16_17:15:00 0.78 26.37 88.9 4.11 214.26 16.36 16.27 0.0 16.27
2023-09-16_17:30:00 0.83 26.21 89.37 4.2 203.81 16.36 16.27 0.0 16.27
2023-09-16_17:45:00 0.81 26.07 89.66 3.91 201.78 1.32 1.31 0.0 1.31
2023-09-16_18:00:00 0.73 25.97 89.65 3.54 210.26 1.32 1.31 0.0 1.31
2023-09-16_18:15:00 0.77 25.83 89.59 3.51 217.91 0.0 0.0 0.0 0.0
2023-09-16_18:30:00 0.85 25.78 89.33 2.41 232.4 0.0 0.0 0.0 0.0
2023-09-16_18:45:00 0.93 25.74 89.26 1.87 226.95 0.0 0.0 0.0 0.0
2023-09-16_19:00:00 0.98 25.67 89.31 2.29 198.82 0.0 0.0 0.0 0.0
2023-09-16_19:15:00 0.98 25.64 89.1 2.26 199.49 0.0 0.0 0.0 0.0
2023-09-16_19:30:00 0.96 25.64 89.04 1.88 213.07 0.0 0.0 0.0 0.0
2023-09-16_19:45:00 0.97 25.61 89.42 1.39 219.04 0.0 0.0 0.0 0.0
2023-09-16_20:00:00 0.97 25.6 89.49 1.47 203.56 0.0 0.0 0.0 0.0
2023-09-16_20:15:00 0.95 25.58 89.45 1.81 200.97 0.0 0.0 0.0 0.0
2023-09-16_20:30:00 0.93 25.52 89.77 2.14 218.02 0.0 0.0 0.0 0.0
2023-09-16_20:45:00 0.91 25.49 90.05 2.04 231.46 0.0 0.0 0.0 0.0
2023-09-16_21:00:00 0.9 25.5 90.29 1.28 248.95 0.0 0.0 0.0 0.0
2023-09-16_21:15:00 0.87 25.54 90.31 0.68 248.72 0.0 0.0 0.0 0.0
2023-09-16_21:30:00 0.87 25.53 90.77 0.72 228.58 0.0 0.0 0.0 0.0
2023-09-16_21:45:00 0.87 25.45 90.99 1.14 246.85 0.0 0.0 0.0 0.0
2023-09-16_22:00:00 0.89 25.43 91.13 1.32 239.97 0.0 0.0 0.0 0.0
2023-09-16_22:15:00 0.87 25.25 92.25 1.18 227.72 0.0 0.0 0.0 0.0
2023-09-16_22:30:00 0.81 25.25 92.46 0.86 226.44 0.0 0.0 0.0 0.0
2023-09-16_22:45:00 0.8 25.26 92.08 0.73 220.46 0.0 0.0 0.0 0.0
2023-09-16_23:00:00 0.77 25.23 92.59 0.82 236.4 0.0 0.0 0.0 0.0
2023-09-16_23:15:00 0.7 25.24 92.45 1.09 259.05 0.0 0.0 0.0 0.0
2023-09-16_23:30:00 0.68 25.23 92.3 1.27 239.51 0.0 0.0 0.0 0.0
2023-09-16_23:45:00 0.66 25.15 92.4 1.64 232.09 0.0 0.0 0.0 0.0
2023-09-17_00:00:00 0.56 25.13 92.33 1.94 231.83 0.0 0.0 0.0 0.0
2023-09-17_00:15:00 0.54 25.13 92.47 1.94 224.56 0.0 0.0 0.0 0.0
2023-09-17_00:30:00 0.61 25.11 92.68 1.97 221.72 0.0 0.0 0.0 0.0
2023-09-17_00:45:00 0.63 25.16 92.59 2.11 220.84 0.0 0.0 0.0 0.0
2023-09-17_01:00:00 0.55 25.19 92.4 2.55 226.92 0.0 0.0 0.0 0.0
2023-09-17_01:15:00 0.54 25.19 92.59 2.61 224.67 0.0 0.0 0.0 0.0
2023-09-17_01:30:00 0.57 25.1 93.27 2.27 219.24 0.0 0.0 0.0 0.0
2023-09-17_01:45:00 0.55 24.93 94.18 2.27 213.46 0.0 0.0 0.0 0.0
2023-09-17_02:00:00 0.57 24.95 94.2 2.64 216.49 0.0 0.0 0.0 0.0
2023-09-17_02:15:00 0.57 24.83 94.85 2.57 225.49 0.0 0.0 0.0 0.0
2023-09-17_02:30:00 0.6 24.66 95.78 2.09 219.64 0.0 0.0 0.0 0.0
2023-09-17_02:45:00 0.61 24.56 96.14 2.11 217.24 0.0 0.0 0.0 0.0
2023-09-17_03:00:00 0.61 24.54 96.3 2.15 221.69 0.0 0.0 0.0 0.0
2023-09-17_03:15:00 0.63 24.65 96.15 2.19 229.13 0.0 0.0 0.0 0.0
2023-09-17_03:30:00 0.59 24.6 96.44 2.16 228.53 0.0 0.0 0.0 0.0
2023-09-17_03:45:00 0.57 24.7 96.09 2.29 216.08 0.0 0.0 0.0 0.0
2023-09-17_04:00:00 0.67 24.64 96.47 2.05 204.58 0.0 0.0 0.0 0.0
2023-09-17_04:15:00 0.71 24.51 97.08 1.85 196.06 0.0 0.0 0.0 0.0
2023-09-17_04:30:00 0.64 24.57 96.84 2.17 203.74 0.0 0.0 0.0 0.0
2023-09-17_04:45:00 0.66 24.57 97.01 2.15 215.42 0.0 0.0 0.0 0.0
2023-09-17_05:00:00 0.62 24.51 97.36 2.02 220.11 0.0 0.0 0.0 0.0
2023-09-17_05:15:00 0.65 24.29 97.96 1.68 218.72 0.0 0.0 0.0 0.0
2023-09-17_05:30:00 0.66 24.24 98.07 1.51 225.57 0.0 0.0 0.0 0.0
2023-09-17_05:45:00 0.63 24.19 98.26 1.6 228.95 0.0 0.0 0.0 0.0
2023-09-17_06:00:00 0.6 24.15 98.36 1.72 239.28 0.0 0.0 0.0 0.0
2023-09-17_06:15:00 0.6 24.89 95.25 1.9 248.92 53.25 65.42 14.41 51.01
2023-09-17_06:30:00 0.54 25.01 94.43 2.21 246.63 53.25 65.02 14.01 51.01
2023-09-17_06:45:00 0.57 25.57 91.2 2.4 239.81 165.7 303.15 196.64 106.51
2023-09-17_07:00:00 0.68 25.78 89.65 2.01 234.42 165.7 295.61 189.1 106.51
