time clf t2 rh ws wd ghi poa_global poa_direct poa_diffuse
2023-06-25_07:00:00 0.58 27.14 82.77 1.93 240.95 0.0 0.0 0.0 0.0
2023-06-25_07:15:00 0.6 27.77 79.82 2.19 244.19 332.26 682.28 639.7 42.58
2023-06-25_07:30:00 0.54 28.04 78.51 2.19 243.42 332.26 656.77 614.19 42.58
2023-06-25_07:45:00 0.61 28.5 76.58 2.21 246.51 437.32 637.16 545.38 91.78
2023-06-25_08:00:00 0.65 28.78 75.35 2.12 243.32 437.32 609.51 517.73 91.78
2023-06-25_08:15:00 0.67 29.26 73.4 2.27 249.41 550.32 632.42 556.67 75.75
2023-06-25_08:30:00 0.62 29.53 72.1 2.42 247.77 550.32 596.95 521.2 75.75
2023-06-25_08:45:00 0.66 29.93 70.35 2.23 246.24 650.32 583.43 503.56 79.87
2023-06-25_09:00:00 0.67 30.23 68.9 2.12 248.81 650.32 543.07 463.2 79.87
2023-06-25_09:15:00 0.7 30.65 67.02 2.18 249.95 740.25 515.98 435.45 80.53
2023-06-25_09:30:00 0.65 30.95 65.57 2.24 247.36 740.25 471.42 390.89 80.53
2023-06-25_09:45:00 0.63 31.31 63.99 2.27 251.73 815.61 442.9 343.4 99.5
2023-06-25_10:00:00 0.66 31.62 62.66 2.29 252.63 815.61 396.53 297.03 99.5
2023-06-25_10:15:00 0.68 31.97 61.22 2.3 250.84 882.15 336.83 264.95 71.88
2023-06-25_10:30:00 0.7 32.25 59.98 2.22 251.92 882.15 286.49 214.61 71.88
2023-06-25_10:45:00 0.74 32.56 58.71 2.38 245.74 930.65 231.87 167.54 64.33
2023-06-25_11:00:00 0.81 32.87 57.5 2.41 242.7 930.65 181.08 116.75 64.33
2023-06-25_11:15:00 0.8 33.15 56.42 2.35 240.28 961.64 134.27 69.76 64.52
2023-06-25_11:30:00 0.82 33.39 55.46 2.39 239.6 961.64 73.71 9.19 64.52
2023-06-25_11:45:00 0.83 33.65 54.46 2.32 241.23 976.29 62.29 0.0 62.29
2023-06-25_12:00:00 0.87 33.89 53.47 2.36 236.07 976.29 62.29 0.0 62.29
2023-06-25_12:15:00 0.88 34.12 52.52 2.43 231.72 972.46 62.29 0.0 62.29
2023-06-25_12:30:00 0.86 34.31 51.78 2.52 231.85 972.46 62.29 0.0 62.29
2023-06-25_12:45:00 0.81 34.36 51.44 2.49 224.51 838.33 69.69 0.0 69.69
2023-06-25_13:00:00 0.77 34.51 51.0 2.59 220.75 838.33 69.69 0.0 69.69
2023-06-25_13:15:00 0.76 34.36 51.54 2.77 213.45 630.8 92.06 0.0 92.06
2023-06-25_13:30:00 0.72 34.34 51.96 3.1 205.16 630.8 92.06 0.0 92.06
2023-06-25_13:45:00 0.65 34.25 52.55 3.29 198.64 597.5 69.33 0.0 69.33
2023-06-25_14:00:00 0.65 34.21 52.97 3.35 194.4 597.5 69.33 0.0 69.33
2023-06-25_14:15:00 0.6 34.26 53.19 3.53 188.62 688.33 58.97 0.0 58.97
2023-06-25_14:30:00 0.62 34.18 53.85 3.54 180.04 688.33 58.97 0.0 58.97
2023-06-25_14:45:00 0.58 34.04 54.76 3.67 172.82 634.19 56.88 0.0 56.88
2023-06-25_15:00:00 0.45 33.86 55.93 4.13 171.61 634.19 56.88 0.0 56.88
2023-06-25_15:15:00 0.48 33.41 58.32 4.78 175.18 505.66 58.19 0.0 58.19
2023-06-25_15:30:00 0.5 32.96 60.94 5.47 178.08 505.66 58.19 0.0 58.19
2023-06-25_15:45:00 0.49 32.06 65.05 5.84 179.97 324.14 51.28 0.0 51.28
2023-06-25_16:00:00 0.5 31.52 68.04 6.16 182.55 324.14 51.28 0.0 51.28
2023-06-25_16:15:00 0.62 30.88 71.4 6.6 188.62 274.87 119.78 0.0 119.78
2023-06-25_16:30:00 0.59 30.36 74.29 6.87 190.21 274.87 119.78 0.0 119.78
2023-06-25_16:45:00 0.44 29.8 76.92 6.98 189.49 236.58 152.23 0.0 152.23
2023-06-25_17:00:00 0.57 29.52 78.18 6.63 190.67 236.58 152.23 0.0 152.23
2023-06-25_17:15:00 0.82 29.04 79.96 5.31 195.43 79.49 60.78 0.0 60.78
2023-06-25_17:30:00 0.89 28.89 80.58 4.62 198.31 79.49 60.78 0.0 60.78
2023-06-25_17:45:00 0.78 28.62 81.49 3.97 184.95 14.49 14.4 0.0 14.4
2023-06-25_18:00:00 0.68 28.46 82.64 4.26 175.29 14.49 14.4 0.0 14.4
2023-06-25_18:15:00 0.78 28.33 83.47 3.57 176.45 0.0 0.0 0.0 0.0
2023-06-25_18:30:00 0.81 28.29 84.25 2.89 187.06 0.0 0.0 0.0 0.0
2023-06-25_18:45:00 0.65 28.21 85.19 3.34 185.65 0.0 0.0 0.0 0.0
2023-06-25_19:00:00 0.55 28.15 85.98 3.66 185.43 0.0 0.0 0.0 0.0
2023-06-25_19:15:00 0.73 28.17 86.18 3.82 193.99 0.0 0.0 0.0 0.0
2023-06-25_19:30:00 0.81 28.13 86.58 4.11 196.85 0.0 0.0 0.0 0.0
2023-06-25_19:45:00 0.82 28.11 86.7 4.09 194.57 0.0 0.0 0.0 0.0
2023-06-25_20:00:00 0.77 28.08 86.79 3.69 197.11 0.0 0.0 0.0 0.0
2023-06-25_20:15:00 0.75 27.97 87.47 3.2 198.33 0.0 0.0 0.0 0.0
2023-06-25_20:30:00 0.76 27.89 87.96 2.97 198.92 0.0 0.0 0.0 0.0
2023-06-25_20:45:00 0.77 27.83 88.27 2.94 202.03 0.0 0.0 0.0 0.0
2023-06-25_21:00:00 0.8 27.78 88.59 2.69 207.23 0.0 0.0 0.0 0.0
2023-06-25_21:15:00 0.8 27.66 89.32 2.67 213.52 0.0 0.0 0.0 0.0
2023-06-25_21:30:00 0.76 27.56 89.85 2.96 214.76 0.0 0.0 0.0 0.0
2023-06-25_21:45:00 0.74 27.48 90.05 2.98 214.27 0.0 0.0 0.0 0.0
2023-06-25_22:00:00 0.7 27.44 89.92 2.95 211.79 0.0 0.0 0.0 0.0
2023-06-25_22:15:00 0.66 27.34 90.39 2.68 211.54 0.0 0.0 0.0 0.0
2023-06-25_22:30:00 0.82 27.31 91.0 1.53 214.7 0.0 0.0 0.0 0.0
2023-06-25_22:45:00 0.89 27.2 91.63 1.52 243.76 0.0 0.0 0.0 0.0
2023-06-25_23:00:00 0.86 27.21 91.14 2.31 256.51 0.0 0.0 0.0 0.0
2023-06-25_23:15:00 0.81 27.24 90.56 2.83 255.11 0.0 0.0 0.0 0.0
2023-06-25_23:30:00 0.62 27.17 90.59 2.65 239.18 0.0 0.0 0.0 0.0
2023-06-25_23:45:00 0.49 27.06 90.97 2.52 220.89 0.0 0.0 0.0 0.0
2023-06-26_00:00:00 0.59 27.0 91.38 2.03 229.62 0.0 0.0 0.0 0.0
2023-06-26_00:15:00 0.67 26.98 91.58 1.91 253.57 0.0 0.0 0.0 0.0
2023-06-26_00:30:00 0.66 26.95 91.44 2.16 262.85 0.0 0.0 0.0 0.0
2023-06-26_00:45:00 0.6 26.92 91.62 1.91 264.44 0.0 0.0 0.0 0.0
2023-06-26_01:00:00 0.46 26.85 91.82 2.06 264.65 0.0 0.0 0.0 0.0
2023-06-26_01:15:00 0.34 26.81 91.75 2.68 268.21 0.0 0.0 0.0 0.0
2023-06-26_01:30:00 0.38 26.78 91.74 3.06 275.88 0.0 0.0 0.0 0.0
2023-06-26_01:45:00 0.57 26.77 91.57 3.43 286.95 0.0 0.0 0.0 0.0
2023-06-26_02:00:00 0.71 26.72 91.22 3.51 292.27 0.0 0.0 0.0 0.0
2023-06-26_02:15:00 0.68 26.74 90.05 3.67 292.38 0.0 0.0 0.0 0.0
2023-06-26_02:30:00 0.54 26.63 89.07 3.74 290.33 0.0 0.0 0.0 0.0
2023-06-26_02:45:00 0.5 26.54 88.03 3.48 285.26 0.0 0.0 0.0 0.0
2023-06-26_03:00:00 0.55 26.42 87.4 3.6 277.9 0.0 0.0 0.0 0.0
2023-06-26_03:15:00 0.55 26.13 87.3 4.64 275.47 0.0 0.0 0.0 0.0
2023-06-26_03:30:00 0.49 25.83 86.51 5.52 275.28 0.0 0.0 0.0 0.0
2023-06-26_03:45:00 0.45 25.53 85.21 5.4 277.57 0.0 0.0 0.0 0.0
2023-06-26_04:00:00 0.52 25.4 84.04 4.63 276.02 0.0 0.0 0.0 0.0
2023-06-26_04:15:00 0.56 25.32 83.43 4.95 267.11 0.0 0.0 0.0 0.0
2023-06-26_04:30:00 0.63 25.28 83.64 5.28 259.18 0.0 0.0 0.0 0.0
2023-06-26_04:45:00 0.61 25.29 83.85 4.95 259.88 0.0 0.0 0.0 0.0
2023-06-26_05:00:00 0.61 25.31 84.01 4.14 263.94 0.0 0.0 0.0 0.0
2023-06-26_05:15:00 0.6 25.08 85.64 2.97 268.51 0.0 0.0 0.0 0.0
2023-06-26_05:30:00 0.66 24.96 86.98 2.27 268.43 0.0 0.0 0.0 0.0
2023-06-26_05:45:00 0.69 25.03 87.27 2.01 275.66 7.32 7.28 0.0 7.28
2023-06-26_06:00:00 0.63 24.99 87.78 1.99 284.27 7.32 7.28 0.0 7.28
2023-06-26_06:15:00 0.58 25.36 85.76 2.61 283.99 39.99 39.76 0.0 39.76
2023-06-26_06:30:00 0.52 25.47 85.5 2.57 285.59 39.99 39.76 0.0 39.76
2023-06-26_06:45:00 0.49 25.86 83.92 2.56 287.29 91.49 90.97 0.0 90.97
2023-06-26_07:00:00 0.49 26.03 83.62 2.28 288.85 91.49 90.97 0.0 90.97
2023-06-26_07:15:00 0.49 26.43 82.37 2.25 280.98 161.91 160.98 0.0 160.98
2023-06-26_07:30:00 0.47 26.64 82.02 2.1 272.27 161.91 160.98 0.0 160.98
2023-06-26_07:45:00 0.43 27.05 80.84 2.41 269.91 243.96 243.08 1.35 241.72
2023-06-26_08:00:00 0.43 27.33 80.31 2.53 264.4 243.96 243.01 1.29 241.72
2023-06-26_08:15:00 0.4 27.89 78.76 2.67 262.15 398.99 403.86 46.28 357.58
2023-06-26_08:30:00 0.35 28.19 78.08 2.83 262.14 398.99 400.92 43.34 357.58
2023-06-26_08:45:00 0.37 28.78 76.28 2.85 264.84 593.92 559.48 250.52 308.96
2023-06-26_09:00:00 0.4 29.15 74.97 2.85 271.91 593.92 539.43 230.47 308.96
2023-06-26_09:15:00 0.37 29.55 73.38 3.02 278.56 649.92 606.0 80.1 525.9
2023-06-26_09:30:00 0.36 29.82 72.1 3.39 284.59 649.92 597.81 71.92 525.9
2023-06-26_09:45:00 0.35 30.19 70.28 3.38 285.35 768.66 595.65 157.9 437.76
2023-06-26_10:00:00 0.32 30.46 68.71 3.35 283.38 768.66 574.37 136.61 437.76
2023-06-26_10:15:00 0.31 30.83 66.75 3.07 279.95 873.36 418.07 221.6 196.47
2023-06-26_10:30:00 0.25 31.08 65.13 2.84 283.45 873.36 376.05 179.58 196.47
2023-06-26_10:45:00 0.18 31.4 63.38 2.79 287.15 932.13 241.42 166.33 75.09
2023-06-26_11:00:00 0.17 31.71 61.87 2.79 286.4 932.13 191.14 116.05 75.09
2023-06-26_11:15:00 0.21 32.0 60.6 2.47 282.26 964.15 132.59 70.62 61.97
2023-06-26_11:30:00 0.17 32.26 59.57 2.72 283.2 964.15 71.77 9.8 61.97
2023-06-26_11:45:00 0.2 32.5 58.72 2.39 280.12 977.68 63.36 0.0 63.36
2023-06-26_12:00:00 0.15 32.71 57.92 2.31 289.23 977.68 63.36 0.0 63.36
2023-06-26_12:15:00 0.19 32.96 57.11 2.43 290.55 973.63 70.25 0.0 70.25
2023-06-26_12:30:00 0.27 33.2 56.45 2.57 292.74 973.63 70.25 0.0 70.25
2023-06-26_12:45:00 0.25 32.95 57.27 2.76 289.61 521.38 103.16 0.0 103.16
2023-06-26_13:00:00 0.21 32.91 58.01 2.78 287.78 521.38 103.16 0.0 103.16
2023-06-26_13:15:00 0.13 32.63 59.4 2.93 290.77 403.05 67.18 0.0 67.18
2023-06-26_13:30:00 0.16 32.63 59.85 2.74 287.96 403.05 67.18 0.0 67.18
2023-06-26_13:45:00 0.11 32.46 60.72 2.48 297.52 306.48 69.05 0.0 69.05
2023-06-26_14:00:00 0.14 32.42 61.29 2.4 297.56 306.48 69.05 0.0 69.05
2023-06-26_14:15:00 0.13 32.06 63.5 1.96 305.49 175.78 50.02 0.0 50.02
2023-06-26_14:30:00 0.08 31.97 64.13 1.82 315.62 175.78 50.02 0.0 50.02
2023-06-26_14:45:00 0.07 32.51 61.72 1.9 315.59 498.32 136.92 0.0 136.92
2023-06-26_15:00:00 0.05 32.61 61.39 1.76 313.4 498.32 136.92 0.0 136.92
2023-06-26_15:15:00 0.05 32.89 60.44 1.67 286.76 585.86 107.81 0.0 107.81
2023-06-26_15:30:00 0.11 33.06 59.88 1.37 273.89 585.86 107.81 0.0 107.81
2023-06-26_15:45:00 0.14 33.08 59.67 0.87 296.02 476.7 49.71 0.0 49.71
2023-06-26_16:00:00 0.11 33.14 59.47 0.66 295.16 476.7 49.71 0.0 49.71
2023-06-26_16:15:00 0.11 32.94 60.26 0.29 338.18 323.16 44.77 0.0 44.77
2023-06-26_16:30:00 0.07 32.89 60.68 0.33 172.48 323.16 44.77 0.0 44.77
2023-06-26_16:45:00 0.05 32.67 61.8 1.32 174.24 248.69 80.75 0.0 80.75
2023-06-26_17:00:00 0.02 32.49 63.16 2.1 164.17 248.69 80.75 0.0 80.75
2023-06-26_17:15:00 0.02 32.0 66.12 2.62 152.61 146.25 107.63 0.0 107.63
2023-06-26_17:30:00 0.07 31.65 68.78 3.13 168.01 146.25 107.63 0.0 107.63
2023-06-26_17:45:00 0.09 30.87 73.65 3.23 177.97 50.67 49.11 0.0 49.11
2023-06-26_18:00:00 0.11 30.45 76.71 3.75 179.06 50.67 49.11 0.0 49.11
2023-06-26_18:15:00 0.07 29.8 80.39 3.29 174.2 0.0 0.0 0.0 0.0
2023-06-26_18:30:00 0.05 29.41 83.1 2.77 165.81 0.0 0.0 0.0 0.0
2023-06-26_18:45:00 0.14 29.03 85.6 3.35 180.95 0.0 0.0 0.0 0.0
2023-06-26_19:00:00 0.33 28.7 87.6 4.69 199.32 0.0 0.0 0.0 0.0
2023-06-26_19:15:00 0.25 28.35 89.13 4.69 206.44 0.0 0.0 0.0 0.0
2023-06-26_19:30:00 0.17 27.97 90.34 4.68 215.22 0.0 0.0 0.0 0.0
2023-06-26_19:45:00 0.23 27.44 91.42 5.9 225.96 0.0 0.0 0.0 0.0
2023-06-26_20:00:00 0.23 26.84 91.63 6.45 236.81 0.0 0.0 0.0 0.0
2023-06-26_20:15:00 0.48 26.34 91.32 5.58 233.49 0.0 0.0 0.0 0.0
2023-06-26_20:30:00 0.56 26.03 90.45 4.9 229.55 0.0 0.0 0.0 0.0
2023-06-26_20:45:00 0.42 25.72 90.91 4.47 228.42 0.0 0.0 0.0 0.0
2023-06-26_21:00:00 0.27 25.5 91.4 4.4 229.58 0.0 0.0 0.0 0.0
2023-06-26_21:15:00 0.3 25.51 90.46 4.13 237.33 0.0 0.0 0.0 0.0
2023-06-26_21:30:00 0.43 25.57 89.96 3.62 242.73 0.0 0.0 0.0 0.0
2023-06-26_21:45:00 0.51 25.57 90.06 3.23 238.59 0.0 0.0 0.0 0.0
2023-06-26_22:00:00 0.48 25.55 90.33 2.68 241.92 0.0 0.0 0.0 0.0
2023-06-26_22:15:00 0.43 25.49 90.79 2.2 240.52 0.0 0.0 0.0 0.0
2023-06-26_22:30:00 0.5 25.48 91.0 2.11 242.42 0.0 0.0 0.0 0.0
2023-06-26_22:45:00 0.47 25.43 91.24 2.61 249.24 0.0 0.0 0.0 0.0
2023-06-26_23:00:00 0.45 25.41 91.41 2.97 254.07 0.0 0.0 0.0 0.0
2023-06-26_23:15:00 0.33 25.43 91.47 3.05 262.71 0.0 0.0 0.0 0.0
2023-06-26_23:30:00 0.28 25.44 91.68 2.63 273.13 0.0 0.0 0.0 0.0
2023-06-26_23:45:00 0.27 25.42 92.14 2.18 283.46 0.0 0.0 0.0 0.0
2023-06-27_00:00:00 0.25 25.41 92.33 2.27 280.78 0.0 0.0 0.0 0.0
2023-06-27_00:15:00 0.16 25.51 91.82 2.61 275.42 0.0 0.0 0.0 0.0
2023-06-27_00:30:00 0.17 25.55 91.8 2.25 274.7 0.0 0.0 0.0 0.0
2023-06-27_00:45:00 0.13 25.66 91.39 2.19 276.44 0.0 0.0 0.0 0.0
2023-06-27_01:00:00 0.09 25.62 91.66 1.99 263.04 0.0 0.0 0.0 0.0
2023-06-27_01:15:00 0.08 25.58 91.7 2.43 254.84 0.0 0.0 0.0 0.0
2023-06-27_01:30:00 0.03 25.55 91.65 2.51 256.74 0.0 0.0 0.0 0.0
2023-06-27_01:45:00 0.03 25.32 92.97 1.96 269.3 0.0 0.0 0.0 0.0
2023-06-27_02:00:00 0.08 25.25 93.48 1.75 280.97 0.0 0.0 0.0 0.0
2023-06-27_02:15:00 0.12 25.17 94.06 1.6 271.82 0.0 0.0 0.0 0.0
2023-06-27_02:30:00 0.16 25.11 94.41 1.56 269.38 0.0 0.0 0.0 0.0
2023-06-27_02:45:00 0.17 25.04 95.02 1.27 268.88 0.0 0.0 0.0 0.0
2023-06-27_03:00:00 0.22 24.96 96.0 0.9 239.02 0.0 0.0 0.0 0.0
2023-06-27_03:15:00 0.22 25.01 95.14 1.44 223.1 0.0 0.0 0.0 0.0
2023-06-27_03:30:00 0.22 24.99 94.89 2.02 219.1 0.0 0.0 0.0 0.0
2023-06-27_03:45:00 0.22 24.94 95.11 1.93 221.12 0.0 0.0 0.0 0.0
2023-06-27_04:00:00 0.21 24.9 95.34 1.76 231.71 0.0 0.0 0.0 0.0
2023-06-27_04:15:00 0.23 24.7 96.42 1.44 230.99 0.0 0.0 0.0 0.0
2023-06-27_04:30:00 0.22 24.66 96.56 1.48 226.54 0.0 0.0 0.0 0.0
2023-06-27_04:45:00 0.17 24.62 96.57 1.61 230.34 0.0 0.0 0.0 0.0
2023-06-27_05:00:00 0.12 24.49 97.35 1.31 243.36 0.0 0.0 0.0 0.0
2023-06-27_05:15:00 0.12 24.43 97.66 1.28 248.99 0.0 0.0 0.0 0.0
2023-06-27_05:30:00 0.08 24.39 97.69 1.38 237.13 0.0 0.0 0.0 0.0
2023-06-27_05:45:00 0.07 24.72 95.9 1.59 237.37 13.79 141.17 131.83 9.33
2023-06-27_06:00:00 0.02 24.77 95.31 1.99 242.55 13.79 139.31 129.98 9.33
2023-06-27_06:15:00 0.0 25.45 91.93 2.23 255.13 101.31 376.5 327.57 48.94
2023-06-27_06:30:00 0.0 25.66 90.94 2.1 253.49 101.31 369.32 320.38 48.94
2023-06-27_06:45:00 0.0 26.21 88.84 2.5 247.95 214.59 619.88 576.02 43.86
2023-06-27_07:00:00 0.0 26.57 87.8 2.42 243.45 214.59 602.39 558.53 43.86
2023-06-27_07:15:00 0.01 27.12 86.44 2.2 253.21 323.09 608.61 520.06 88.55
2023-06-27_07:30:00 0.01 27.43 85.92 1.92 262.71 323.09 587.93 499.38 88.55
2023-06-27_07:45:00 0.0 27.94 84.58 2.45 260.28 424.22 577.35 416.13 161.21
2023-06-27_08:00:00 0.0 28.3 83.4 2.97 261.17 424.22 556.31 395.09 161.21
2023-06-27_08:15:00 0.0 28.83 81.18 2.84 257.3 543.54 619.73 507.29 112.45
2023-06-27_08:30:00 0.01 29.16 79.39 3.21 261.16 543.54 587.5 475.05 112.45
2023-06-27_08:45:00 0.0 29.56 77.41 3.41 260.37 628.42 572.01 435.04 136.97
2023-06-27_09:00:00 0.0 29.8 76.02 3.47 256.61 628.42 537.23 400.26 136.97
2023-06-27_09:15:00 0.0 30.14 74.3 3.33 260.39 730.52 529.95 392.95 137.0
2023-06-27_09:30:00 0.0 30.4 72.82 3.16 262.32 730.52 489.85 352.85 137.0
2023-06-27_09:45:00 0.0 30.67 71.39 3.61 260.14 765.66 494.16 251.17 242.99
2023-06-27_10:00:00 0.0 30.88 70.21 3.84 257.59 765.66 460.35 217.36 242.99
2023-06-27_10:15:00 0.0 31.22 68.55 3.5 261.48 873.86 373.98 244.43 129.55
2023-06-27_10:30:00 0.0 31.47 67.03 3.32 265.03 873.86 327.72 198.18 129.55
2023-06-27_10:45:00 0.02 31.79 65.32 3.22 264.91 920.29 293.52 151.45 142.07
2023-06-27_11:00:00 0.01 32.03 63.82 3.18 265.67 920.29 247.86 105.79 142.07
2023-06-27_11:15:00 0.01 32.31 62.26 3.04 266.65 946.93 258.77 58.75 200.02
2023-06-27_11:30:00 0.0 32.57 60.79 2.68 266.73 946.93 208.54 8.52 200.02
2023-06-27_11:45:00 0.0 32.69 59.74 2.64 267.37 798.95 424.16 0.0 424.16
2023-06-27_12:00:00 0.01 32.94 58.53 2.98 267.4 798.95 424.16 0.0 424.16
2023-06-27_12:15:00 0.03 33.23 57.31 2.96 265.05 912.0 177.86 0.0 177.86
2023-06-27_12:30:00 0.05 33.41 56.41 2.59 259.19 912.0 177.86 0.0 177.86
2023-06-27_12:45:00 0.06 33.6 55.62 2.37 250.16 887.48 331.43 0.0 331.43
2023-06-27_13:00:00 0.04 33.78 54.98 2.75 244.06 887.48 331.43 0.0 331.43
2023-06-27_13:15:00 0.03 33.68 55.12 2.59 248.67 634.65 258.94 0.0 258.94
2023-06-27_13:30:00 0.05 33.8 54.7 1.99 244.2 634.65 258.94 0.0 258.94
2023-06-27_13:45:00 0.03 33.65 55.38 2.22 248.05 507.78 334.57 0.0 334.57
2023-06-27_14:00:00 0.02 33.57 56.05 2.65 250.3 507.78 334.57 0.0 334.57
2023-06-27_14:15:00 0.01 33.42 56.99 2.41 241.53 448.8 166.74 0.0 166.74
2023-06-27_14:30:00 0.0 33.35 57.44 1.91 237.13 448.8 166.74 0.0 166.74
2023-06-27_14:45:00 0.0 33.31 57.8 2.2 242.09 407.62 53.11 0.0 53.11
2023-06-27_15:00:00 0.01 33.22 58.48 2.17 237.92 407.62 53.11 0.0 53.11
2023-06-27_15:15:00 0.0 33.37 58.32 2.18 224.67 526.87 154.86 0.0 154.86
2023-06-27_15:30:00 0.01 33.42 58.46 1.8 217.82 526.87 154.86 0.0 154.86
2023-06-27_15:45:00 0.06 32.99 60.55 1.79 204.72 226.26 78.34 0.0 78.34
2023-06-27_16:00:00 0.03 32.93 61.62 2.1 193.62 226.26 78.34 0.0 78.34
2023-06-27_16:15:00 0.15 32.3 65.46 2.51 177.49 101.15 30.14 0.0 30.14
2023-06-27_16:30:00 0.27 31.91 68.6 3.02 170.94 101.15 30.14 0.0 30.14
2023-06-27_16:45:00 0.29 31.3 72.44 3.53 172.49 59.47 12.44 0.0 12.44
2023-06-27_17:00:00 0.15 30.8 75.56 3.69 170.77 59.47 12.44 0.0 12.44
2023-06-27_17:15:00 0.13 30.22 79.24 3.65 157.55 48.08 11.54 0.0 11.54
2023-06-27_17:30:00 0.24 29.83 81.77 4.15 161.74 48.08 11.54 0.0 11.54
2023-06-27_17:45:00 0.14 29.39 84.26 4.56 171.93 14.95 4.97 0.0 4.97
2023-06-27_18:00:00 0.07 29.08 85.97 4.81 184.4 14.95 4.97 0.0 4.97
2023-06-27_18:15:00 0.09 28.8 86.99 4.39 190.57 0.0 0.0 0.0 0.0
2023-06-27_18:30:00 0.11 28.68 87.01 3.73 189.35 0.0 0.0 0.0 0.0
2023-06-27_18:45:00 0.16 28.57 87.12 2.7 187.39 0.0 0.0 0.0 0.0
2023-06-27_19:00:00 0.18 28.55 86.95 2.24 203.58 0.0 0.0 0.0 0.0
2023-06-27_19:15:00 0.16 28.51 86.79 2.47 211.42 0.0 0.0 0.0 0.0
2023-06-27_19:30:00 0.22 28.47 86.87 2.65 206.6 0.0 0.0 0.0 0.0
2023-06-27_19:45:00 0.24 28.37 87.16 2.88 211.3 0.0 0.0 0.0 0.0
2023-06-27_20:00:00 0.2 28.25 87.71 2.74 208.59 0.0 0.0 0.0 0.0
2023-06-27_20:15:00 0.17 28.11 88.46 2.55 206.21 0.0 0.0 0.0 0.0
2023-06-27_20:30:00 0.15 27.99 89.01 2.69 216.65 0.0 0.0 0.0 0.0
2023-06-27_20:45:00 0.07 27.81 89.74 3.0 217.43 0.0 0.0 0.0 0.0
2023-06-27_21:00:00 0.01 27.68 90.21 3.12 211.6 0.0 0.0 0.0 0.0
2023-06-27_21:15:00 0.05 27.49 91.04 2.94 206.32 0.0 0.0 0.0 0.0
2023-06-27_21:30:00 0.1 27.45 91.24 2.69 214.16 0.0 0.0 0.0 0.0
2023-06-27_21:45:00 0.02 27.4 91.35 2.85 220.81 0.0 0.0 0.0 0.0
2023-06-27_22:00:00 0.05 27.34 91.72 2.11 233.76 0.0 0.0 0.0 0.0
2023-06-27_22:15:00 0.07 27.45 90.9 2.31 238.51 0.0 0.0 0.0 0.0
2023-06-27_22:30:00 0.23 27.44 90.88 2.86 230.77 0.0 0.0 0.0 0.0
2023-06-27_22:45:00 0.23 27.44 90.78 3.18 225.28 0.0 0.0 0.0 0.0
2023-06-27_23:00:00 0.2 27.39 90.97 3.01 227.6 0.0 0.0 0.0 0.0
2023-06-27_23:15:00 0.19 27.3 91.46 2.53 226.77 0.0 0.0 0.0 0.0
2023-06-27_23:30:00 0.25 27.26 91.69 2.22 221.04 0.0 0.0 0.0 0.0
2023-06-27_23:45:00 0.3 27.01 93.55 1.72 222.75 0.0 0.0 0.0 0.0
2023-06-28_00:00:00 0.2 26.94 93.68 1.74 218.99 0.0 0.0 0.0 0.0
2023-06-28_00:15:00 0.13 26.93 93.45 2.17 228.06 0.0 0.0 0.0 0.0
2023-06-28_00:30:00 0.17 26.86 93.83 2.27 237.23 0.0 0.0 0.0 0.0
2023-06-28_00:45:00 0.23 26.91 93.66 2.27 229.85 0.0 0.0 0.0 0.0
2023-06-28_01:00:00 0.21 26.84 93.89 2.79 218.6 0.0 0.0 0.0 0.0
2023-06-28_01:15:00 0.2 26.9 93.71 2.46 218.29 0.0 0.0 0.0 0.0
2023-06-28_01:30:00 0.19 26.91 93.54 2.61 230.07 0.0 0.0 0.0 0.0
2023-06-28_01:45:00 0.2 26.88 93.76 2.69 233.25 0.0 0.0 0.0 0.0
2023-06-28_02:00:00 0.21 26.9 93.78 2.76 228.83 0.0 0.0 0.0 0.0
2023-06-28_02:15:00 0.21 26.94 93.63 2.91 232.76 0.0 0.0 0.0 0.0
2023-06-28_02:30:00 0.18 26.91 93.81 2.91 241.52 0.0 0.0 0.0 0.0
2023-06-28_02:45:00 0.17 26.94 93.59 2.81 243.64 0.0 0.0 0.0 0.0
2023-06-28_03:00:00 0.18 26.96 93.59 2.78 240.99 0.0 0.0 0.0 0.0
2023-06-28_03:15:00 0.19 26.92 93.79 3.07 242.37 0.0 0.0 0.0 0.0
2023-06-28_03:30:00 0.19 26.91 93.92 3.24 246.51 0.0 0.0 0.0 0.0
2023-06-28_03:45:00 0.18 26.93 93.97 2.98 242.07 0.0 0.0 0.0 0.0
2023-06-28_04:00:00 0.17 26.92 94.05 3.08 239.42 0.0 0.0 0.0 0.0
2023-06-28_04:15:00 0.21 26.82 94.45 3.06 239.56 0.0 0.0 0.0 0.0
2023-06-28_04:30:00 0.32 26.82 94.64 2.42 233.93 0.0 0.0 0.0 0.0
2023-06-28_04:45:00 0.35 26.75 95.05 2.19 235.73 0.0 0.0 0.0 0.0
2023-06-28_05:00:00 0.32 26.68 95.46 2.0 242.43 0.0 0.0 0.0 0.0
2023-06-28_05:15:00 0.34 26.58 96.03 1.83 244.72 0.0 0.0 0.0 0.0
2023-06-28_05:30:00 0.37 26.52 96.3 1.93 245.97 0.0 0.0 0.0 0.0
2023-06-28_05:45:00 0.43 26.6 95.93 2.04 243.69 7.31 7.26 0.0 7.26
2023-06-28_06:00:00 0.46 26.57 96.04 2.11 241.95 7.31 7.26 0.0 7.26
2023-06-28_06:15:00 0.5 26.72 95.31 2.68 238.38 25.48 49.64 28.85 20.79
2023-06-28_06:30:00 0.49 26.78 94.82 2.7 237.49 25.48 49.01 28.22 20.79
2023-06-28_06:45:00 0.49 26.81 94.63 2.26 239.56 15.95 26.18 14.59 11.59
2023-06-28_07:00:00 0.54 26.84 94.48 2.17 241.26 15.95 25.74 14.15 11.59
