time clf t2 rh ws wd ghi poa_global poa_direct poa_diffuse
2023-07-09_07:00:00 0.1 26.43 81.92 1.8 194.26 0.0 0.0 0.0 0.0
2023-07-09_07:15:00 0.1 27.35 79.39 1.9 182.79 379.82 704.06 660.41 43.65
2023-07-09_07:30:00 0.1 27.5 78.9 2.29 168.02 379.82 677.03 633.37 43.65
2023-07-09_07:45:00 0.1 27.78 78.09 2.56 161.67 492.09 687.39 639.87 47.53
2023-07-09_08:00:00 0.1 27.93 77.73 2.79 164.17 492.09 654.29 606.77 47.53
2023-07-09_08:15:00 0.1 28.21 77.05 2.86 164.58 598.7 645.28 594.74 50.54
2023-07-09_08:30:00 0.11 28.38 76.48 2.8 167.26 598.7 606.78 556.24 50.54
2023-07-09_08:45:00 0.11 28.68 75.41 2.79 167.56 696.86 583.81 530.89 52.92
2023-07-09_09:00:00 0.12 28.89 74.63 2.67 160.58 696.86 540.71 487.79 52.92
2023-07-09_09:15:00 0.15 29.19 73.69 2.71 151.18 784.16 507.36 452.55 54.81
2023-07-09_09:30:00 0.17 29.39 73.24 2.9 141.8 784.16 460.56 405.74 54.81
2023-07-09_09:45:00 0.2 29.56 72.89 2.84 134.97 857.83 419.3 362.95 56.34
2023-07-09_10:00:00 0.22 29.71 72.69 2.83 130.71 857.83 369.84 313.49 56.34
2023-07-09_10:15:00 0.17 29.85 72.51 3.2 132.22 917.37 323.62 266.13 57.48
2023-07-09_10:30:00 0.16 30.0 72.28 3.5 131.28 917.37 272.64 215.15 57.48
2023-07-09_10:45:00 0.14 30.13 72.22 4.01 125.81 961.41 223.62 165.35 58.27
2023-07-09_11:00:00 0.12 30.12 72.66 4.45 121.69 961.41 173.09 114.83 58.27
2023-07-09_11:15:00 0.11 30.05 73.42 4.76 118.98 988.35 126.91 68.17 58.75
2023-07-09_11:30:00 0.11 29.89 74.63 5.11 116.53 988.35 66.53 7.78 58.75
2023-07-09_11:45:00 0.12 29.7 76.03 5.29 116.23 998.28 58.92 0.0 58.92
2023-07-09_12:00:00 0.12 29.55 77.14 5.29 119.4 998.28 58.92 0.0 58.92
2023-07-09_12:15:00 0.1 29.48 77.67 5.33 120.97 991.04 58.79 0.0 58.79
2023-07-09_12:30:00 0.14 29.45 77.89 5.5 123.01 991.04 58.79 0.0 58.79
2023-07-09_12:45:00 0.09 29.42 77.95 5.73 125.15 967.29 58.37 0.0 58.37
2023-07-09_13:00:00 0.05 29.46 77.6 5.52 126.56 967.29 58.37 0.0 58.37
2023-07-09_13:15:00 0.01 29.46 77.28 5.3 125.99 927.29 57.62 0.0 57.62
2023-07-09_13:30:00 0.0 29.52 76.89 5.09 126.64 927.29 57.62 0.0 57.62
2023-07-09_13:45:00 0.0 29.53 76.7 5.06 127.33 871.41 56.54 0.0 56.54
2023-07-09_14:00:00 0.0 29.55 76.65 5.23 124.71 871.41 56.54 0.0 56.54
2023-07-09_14:15:00 0.0 29.5 77.04 5.21 126.07 800.5 55.12 0.0 55.12
2023-07-09_14:30:00 0.01 29.48 77.44 5.06 125.16 800.5 55.12 0.0 55.12
2023-07-09_14:45:00 0.06 29.35 78.3 4.88 124.72 715.05 53.33 0.0 53.33
2023-07-09_15:00:00 0.0 29.21 79.18 5.46 123.47 715.05 53.33 0.0 53.33
2023-07-09_15:15:00 0.0 28.97 80.33 5.84 127.26 619.47 51.05 0.0 51.05
2023-07-09_15:30:00 0.0 28.9 80.55 5.67 130.78 619.47 51.05 0.0 51.05
2023-07-09_15:45:00 0.0 28.77 81.02 5.22 129.34 515.1 48.19 0.0 48.19
2023-07-09_16:00:00 0.0 28.79 81.02 4.66 133.25 515.1 48.19 0.0 48.19
2023-07-09_16:15:00 0.0 28.71 81.38 4.25 135.93 403.76 44.55 0.0 44.55
2023-07-09_16:30:00 0.0 28.65 81.86 4.51 131.89 403.76 44.55 0.0 44.55
2023-07-09_16:45:00 0.0 28.48 82.75 4.63 138.48 289.06 39.72 0.0 39.72
2023-07-09_17:00:00 0.0 28.42 83.37 4.27 137.71 289.06 39.72 0.0 39.72
2023-07-09_17:15:00 0.0 28.18 84.65 4.12 139.23 170.11 32.83 0.0 32.83
2023-07-09_17:30:00 0.0 28.04 85.55 4.69 133.17 170.11 32.83 0.0 32.83
2023-07-09_17:45:00 0.0 27.77 87.05 4.62 145.38 64.78 20.56 0.0 20.56
2023-07-09_18:00:00 0.01 27.72 87.47 4.31 146.93 64.78 20.56 0.0 20.56
2023-07-09_18:15:00 0.01 27.27 89.7 3.86 144.57 0.0 0.0 0.0 0.0
2023-07-09_18:30:00 0.01 27.16 90.36 3.63 145.99 0.0 0.0 0.0 0.0
2023-07-09_18:45:00 0.0 27.04 91.24 2.9 154.07 0.0 0.0 0.0 0.0
2023-07-09_19:00:00 0.0 27.02 91.35 2.49 164.75 0.0 0.0 0.0 0.0
2023-07-09_19:15:00 0.06 27.05 90.92 2.27 187.84 0.0 0.0 0.0 0.0
2023-07-09_19:30:00 0.14 26.92 90.98 1.8 217.03 0.0 0.0 0.0 0.0
2023-07-09_19:45:00 0.23 26.77 90.36 1.88 242.63 0.0 0.0 0.0 0.0
2023-07-09_20:00:00 0.35 26.45 91.29 1.9 236.6 0.0 0.0 0.0 0.0
2023-07-09_20:15:00 0.39 26.05 91.26 2.48 252.41 0.0 0.0 0.0 0.0
2023-07-09_20:30:00 0.4 25.65 89.75 2.73 294.64 0.0 0.0 0.0 0.0
2023-07-09_20:45:00 0.28 25.55 88.45 2.14 328.53 0.0 0.0 0.0 0.0
2023-07-09_21:00:00 0.2 25.64 87.15 1.14 335.52 0.0 0.0 0.0 0.0
2023-07-09_21:15:00 0.04 25.65 86.97 0.68 347.43 0.0 0.0 0.0 0.0
2023-07-09_21:30:00 0.0 25.75 86.74 0.17 196.1 0.0 0.0 0.0 0.0
2023-07-09_21:45:00 0.0 25.66 87.66 1.14 177.83 0.0 0.0 0.0 0.0
2023-07-09_22:00:00 0.0 25.7 88.21 1.78 178.71 0.0 0.0 0.0 0.0
2023-07-09_22:15:00 0.0 25.68 88.99 1.8 189.47 0.0 0.0 0.0 0.0
2023-07-09_22:30:00 0.0 25.68 89.48 1.9 193.07 0.0 0.0 0.0 0.0
2023-07-09_22:45:00 0.0 25.68 89.73 2.06 198.34 0.0 0.0 0.0 0.0
2023-07-09_23:00:00 0.0 25.66 89.96 2.32 207.62 0.0 0.0 0.0 0.0
2023-07-09_23:15:00 0.0 25.62 90.05 2.44 216.77 0.0 0.0 0.0 0.0
2023-07-09_23:30:00 0.0 25.51 90.21 2.34 223.6 0.0 0.0 0.0 0.0
2023-07-09_23:45:00 0.0 25.47 89.9 2.17 225.36 0.0 0.0 0.0 0.0
2023-07-10_00:00:00 0.0 25.51 89.39 2.27 225.56 0.0 0.0 0.0 0.0
2023-07-10_00:15:00 0.0 25.58 88.71 2.12 224.18 0.0 0.0 0.0 0.0
2023-07-10_00:30:00 0.0 25.66 87.87 1.81 219.14 0.0 0.0 0.0 0.0
2023-07-10_00:45:00 0.0 25.73 87.19 1.45 204.57 0.0 0.0 0.0 0.0
2023-07-10_01:00:00 0.0 25.79 86.8 1.42 197.07 0.0 0.0 0.0 0.0
2023-07-10_01:15:00 0.0 25.8 86.56 1.39 187.77 0.0 0.0 0.0 0.0
2023-07-10_01:30:00 0.0 25.78 86.82 1.7 181.19 0.0 0.0 0.0 0.0
2023-07-10_01:45:00 0.0 25.74 87.18 2.19 184.19 0.0 0.0 0.0 0.0
2023-07-10_02:00:00 0.0 25.69 87.46 2.33 186.3 0.0 0.0 0.0 0.0
2023-07-10_02:15:00 0.0 25.65 87.32 2.32 184.88 0.0 0.0 0.0 0.0
2023-07-10_02:30:00 0.0 25.7 86.75 2.29 183.33 0.0 0.0 0.0 0.0
2023-07-10_02:45:00 0.0 25.77 85.96 2.27 187.84 0.0 0.0 0.0 0.0
2023-07-10_03:00:00 0.0 25.81 85.22 2.3 191.67 0.0 0.0 0.0 0.0
2023-07-10_03:15:00 0.0 25.85 84.42 2.14 194.67 0.0 0.0 0.0 0.0
2023-07-10_03:30:00 0.0 25.83 84.04 2.06 198.82 0.0 0.0 0.0 0.0
2023-07-10_03:45:00 0.0 25.78 83.78 2.11 202.72 0.0 0.0 0.0 0.0
2023-07-10_04:00:00 0.0 25.72 83.69 2.04 206.64 0.0 0.0 0.0 0.0
2023-07-10_04:15:00 0.0 25.66 83.5 1.81 213.05 0.0 0.0 0.0 0.0
2023-07-10_04:30:00 0.0 25.62 83.46 1.6 220.65 0.0 0.0 0.0 0.0
2023-07-10_04:45:00 0.0 25.54 83.67 1.28 227.97 0.0 0.0 0.0 0.0
2023-07-10_05:00:00 0.0 25.49 83.9 1.08 238.01 0.0 0.0 0.0 0.0
2023-07-10_05:15:00 0.0 25.46 83.74 1.09 236.67 0.0 0.0 0.0 0.0
2023-07-10_05:30:00 0.0 25.45 83.65 1.24 229.76 0.0 0.0 0.0 0.0
2023-07-10_05:45:00 0.0 26.21 82.17 1.28 236.21 47.52 379.46 361.88 17.59
2023-07-10_06:00:00 0.0 26.22 82.09 1.23 249.78 47.52 373.88 356.29 17.59
2023-07-10_06:15:00 0.0 26.86 79.49 1.35 256.32 150.75 602.52 571.76 30.76
2023-07-10_06:30:00 0.0 26.98 79.72 1.33 247.99 150.75 589.26 558.5 30.76
2023-07-10_06:45:00 0.0 27.5 77.74 1.36 242.29 264.82 686.07 647.67 38.39
2023-07-10_07:00:00 0.0 27.74 77.03 1.33 236.24 264.82 665.61 627.22 38.39
2023-07-10_07:15:00 0.0 28.11 75.86 1.14 233.76 380.58 706.93 663.3 43.62
2023-07-10_07:30:00 0.0 28.32 75.25 0.89 224.92 380.58 679.78 636.15 43.62
2023-07-10_07:45:00 0.0 28.65 73.98 0.67 206.12 493.69 690.6 643.09 47.51
2023-07-10_08:00:00 0.0 28.88 72.63 0.55 176.82 493.69 657.33 609.82 47.51
2023-07-10_08:15:00 0.0 29.18 71.42 0.62 163.12 601.14 648.5 597.97 50.53
2023-07-10_08:30:00 0.0 29.36 71.0 0.72 158.41 601.14 609.78 559.26 50.53
2023-07-10_08:45:00 0.0 29.62 69.85 0.82 148.15 699.26 586.11 533.19 52.92
2023-07-10_09:00:00 0.0 29.82 68.63 0.87 141.82 699.26 542.8 489.88 52.92
2023-07-10_09:15:00 0.0 30.04 68.04 0.95 129.08 786.68 509.05 454.23 54.82
2023-07-10_09:30:00 0.0 30.18 67.32 1.42 119.76 786.68 462.04 407.21 54.82
2023-07-10_09:45:00 0.0 30.33 66.7 1.79 113.33 861.59 420.94 364.62 56.32
2023-07-10_10:00:00 0.0 30.4 66.48 2.04 110.42 861.59 371.21 314.89 56.32
2023-07-10_10:15:00 0.0 30.49 66.38 2.13 109.29 921.52 324.71 267.25 57.45
2023-07-10_10:30:00 0.0 30.54 66.51 2.26 108.28 921.52 273.43 215.98 57.45
2023-07-10_10:45:00 0.0 30.61 66.76 2.62 110.54 965.5 224.07 165.82 58.25
2023-07-10_11:00:00 0.0 30.6 67.43 2.94 110.28 965.5 173.27 115.02 58.25
2023-07-10_11:15:00 0.0 30.57 68.27 3.13 105.94 992.85 126.86 68.12 58.74
2023-07-10_11:30:00 0.0 30.52 69.16 3.19 101.2 992.85 66.15 7.4 58.74
2023-07-10_11:45:00 0.0 30.49 69.93 3.33 99.18 1003.65 58.97 0.0 58.97
2023-07-10_12:00:00 0.0 30.45 70.66 3.53 100.42 1003.65 58.97 0.0 58.97
2023-07-10_12:15:00 0.0 30.39 71.37 3.65 101.84 988.47 64.59 0.0 64.59
2023-07-10_12:30:00 0.0 30.31 72.03 3.53 96.03 988.47 64.59 0.0 64.59
2023-07-10_12:45:00 0.0 30.26 72.44 3.58 93.61 971.46 58.78 0.0 58.78
2023-07-10_13:00:00 0.0 30.22 72.91 3.97 97.8 971.46 58.78 0.0 58.78
2023-07-10_13:15:00 0.0 30.08 73.65 4.08 101.3 922.81 67.18 0.0 67.18
2023-07-10_13:30:00 0.0 30.0 74.04 3.87 101.7 922.81 67.18 0.0 67.18
2023-07-10_13:45:00 0.0 29.88 74.46 3.96 103.43 870.56 59.93 0.0 59.93
2023-07-10_14:00:00 0.0 29.8 74.85 4.06 107.94 870.56 59.93 0.0 59.93
2023-07-10_14:15:00 0.0 29.64 75.44 4.12 114.18 782.4 69.96 0.0 69.96
2023-07-10_14:30:00 0.0 29.59 75.66 3.63 116.4 782.4 69.96 0.0 69.96
2023-07-10_14:45:00 0.0 29.54 75.55 3.56 118.06 719.13 53.36 0.0 53.36
2023-07-10_15:00:00 0.0 29.55 75.24 3.55 118.99 719.13 53.36 0.0 53.36
2023-07-10_15:15:00 0.0 29.42 75.37 4.0 117.79 623.77 51.09 0.0 51.09
2023-07-10_15:30:00 0.0 29.39 75.13 3.85 117.23 623.77 51.09 0.0 51.09
2023-07-10_15:45:00 0.0 29.32 75.23 2.91 122.95 519.48 48.24 0.0 48.24
2023-07-10_16:00:00 0.0 29.39 74.83 2.12 138.71 519.48 48.24 0.0 48.24
2023-07-10_16:15:00 0.0 29.35 74.81 2.12 132.43 406.44 44.61 0.0 44.61
2023-07-10_16:30:00 0.0 29.32 74.78 2.49 125.17 406.44 44.61 0.0 44.61
2023-07-10_16:45:00 0.0 29.12 75.74 2.38 120.59 291.99 39.79 0.0 39.79
2023-07-10_17:00:00 0.0 29.04 76.54 1.94 123.05 291.99 39.79 0.0 39.79
2023-07-10_17:15:00 0.0 28.8 77.95 2.0 135.8 177.25 32.92 0.0 32.92
2023-07-10_17:30:00 0.0 28.71 78.67 2.24 143.09 177.25 32.92 0.0 32.92
2023-07-10_17:45:00 0.0 28.3 81.67 2.07 135.54 70.35 21.69 0.0 21.69
2023-07-10_18:00:00 0.0 28.11 83.4 2.39 137.36 70.35 21.69 0.0 21.69
2023-07-10_18:15:00 0.0 27.12 88.51 2.31 156.4 0.0 0.0 0.0 0.0
2023-07-10_18:30:00 0.0 27.03 89.21 2.17 159.23 0.0 0.0 0.0 0.0
2023-07-10_18:45:00 0.0 27.2 88.52 2.88 145.66 0.0 0.0 0.0 0.0
2023-07-10_19:00:00 0.0 26.94 90.84 3.04 148.2 0.0 0.0 0.0 0.0
2023-07-10_19:15:00 0.0 26.76 92.19 2.97 162.29 0.0 0.0 0.0 0.0
2023-07-10_19:30:00 0.0 26.73 92.42 2.71 170.14 0.0 0.0 0.0 0.0
2023-07-10_19:45:00 0.0 26.75 92.26 2.73 162.97 0.0 0.0 0.0 0.0
2023-07-10_20:00:00 0.0 26.81 91.28 3.13 170.33 0.0 0.0 0.0 0.0
2023-07-10_20:15:00 0.0 26.77 90.74 2.94 185.07 0.0 0.0 0.0 0.0
2023-07-10_20:30:00 0.0 26.63 91.03 2.4 194.05 0.0 0.0 0.0 0.0
2023-07-10_20:45:00 0.0 26.59 90.61 2.25 193.34 0.0 0.0 0.0 0.0
2023-07-10_21:00:00 0.0 26.63 89.55 2.73 195.0 0.0 0.0 0.0 0.0
2023-07-10_21:15:00 0.0 26.72 88.55 2.78 198.46 0.0 0.0 0.0 0.0
2023-07-10_21:30:00 0.0 26.66 88.23 2.69 195.55 0.0 0.0 0.0 0.0
2023-07-10_21:45:00 0.0 26.68 87.48 3.0 188.22 0.0 0.0 0.0 0.0
2023-07-10_22:00:00 0.0 26.69 87.03 3.27 179.82 0.0 0.0 0.0 0.0
2023-07-10_22:15:00 0.0 26.47 87.99 3.0 176.38 0.0 0.0 0.0 0.0
2023-07-10_22:30:00 0.0 26.45 87.87 3.11 173.72 0.0 0.0 0.0 0.0
2023-07-10_22:45:00 0.0 26.42 87.76 3.31 178.9 0.0 0.0 0.0 0.0
2023-07-10_23:00:00 0.0 26.45 87.29 3.45 184.7 0.0 0.0 0.0 0.0
2023-07-10_23:15:00 0.0 26.44 87.01 3.51 192.62 0.0 0.0 0.0 0.0
2023-07-10_23:30:00 0.0 26.26 87.69 3.1 193.88 0.0 0.0 0.0 0.0
2023-07-10_23:45:00 0.0 26.23 87.63 2.86 193.93 0.0 0.0 0.0 0.0
2023-07-11_00:00:00 0.0 26.11 87.98 2.73 198.27 0.0 0.0 0.0 0.0
2023-07-11_00:15:00 0.0 26.08 87.99 2.62 192.32 0.0 0.0 0.0 0.0
2023-07-11_00:30:00 0.0 26.04 88.18 2.64 188.26 0.0 0.0 0.0 0.0
2023-07-11_00:45:00 0.0 26.08 87.77 2.78 193.52 0.0 0.0 0.0 0.0
2023-07-11_01:00:00 0.0 26.06 87.66 2.82 195.49 0.0 0.0 0.0 0.0
2023-07-11_01:15:00 0.0 25.97 87.87 2.63 190.49 0.0 0.0 0.0 0.0
2023-07-11_01:30:00 0.0 25.98 87.58 2.65 195.33 0.0 0.0 0.0 0.0
2023-07-11_01:45:00 0.0 25.97 87.34 2.61 197.25 0.0 0.0 0.0 0.0
2023-07-11_02:00:00 0.0 25.95 87.32 2.52 192.6 0.0 0.0 0.0 0.0
2023-07-11_02:15:00 0.0 25.92 87.5 2.54 190.09 0.0 0.0 0.0 0.0
2023-07-11_02:30:00 0.0 25.87 87.73 2.48 188.89 0.0 0.0 0.0 0.0
2023-07-11_02:45:00 0.0 25.85 87.88 2.7 189.27 0.0 0.0 0.0 0.0
2023-07-11_03:00:00 0.0 25.85 87.86 2.88 192.36 0.0 0.0 0.0 0.0
2023-07-11_03:15:00 0.0 25.83 87.77 2.87 191.87 0.0 0.0 0.0 0.0
2023-07-11_03:30:00 0.0 25.8 87.78 2.95 189.48 0.0 0.0 0.0 0.0
2023-07-11_03:45:00 0.0 25.8 87.53 2.9 191.98 0.0 0.0 0.0 0.0
2023-07-11_04:00:00 0.0 25.74 87.43 2.81 194.8 0.0 0.0 0.0 0.0
2023-07-11_04:15:00 0.0 25.7 87.16 2.64 197.45 0.0 0.0 0.0 0.0
2023-07-11_04:30:00 0.0 25.71 86.6 2.54 201.78 0.0 0.0 0.0 0.0
2023-07-11_04:45:00 0.0 25.73 86.01 2.49 201.18 0.0 0.0 0.0 0.0
2023-07-11_05:00:00 0.0 25.76 85.51 2.47 199.14 0.0 0.0 0.0 0.0
2023-07-11_05:15:00 0.0 25.8 85.1 2.29 198.69 0.0 0.0 0.0 0.0
2023-07-11_05:30:00 0.0 25.78 84.89 2.19 207.13 0.0 0.0 0.0 0.0
2023-07-11_05:45:00 0.0 26.62 82.35 1.72 209.38 46.17 370.7 353.33 17.37
2023-07-11_06:00:00 0.0 26.64 82.23 1.46 209.08 46.17 365.25 347.88 17.37
2023-07-11_06:15:00 0.0 27.32 78.75 1.44 213.77 148.84 596.97 566.32 30.65
2023-07-11_06:30:00 0.0 27.52 78.33 1.17 217.12 148.84 583.84 553.2 30.65
2023-07-11_06:45:00 0.0 28.05 76.44 1.05 213.54 262.75 682.28 643.97 38.32
2023-07-11_07:00:00 0.0 28.3 75.9 0.82 199.18 262.75 661.95 623.63 38.32
2023-07-11_07:15:00 0.0 28.7 74.57 0.73 202.99 378.4 704.01 660.44 43.57
2023-07-11_07:30:00 0.0 28.91 74.14 0.66 169.81 378.4 676.97 633.41 43.57
2023-07-11_07:45:00 0.0 29.22 73.32 0.72 162.04 491.79 688.74 641.27 47.46
2023-07-11_08:00:00 0.0 29.39 72.84 0.71 158.96 491.79 655.55 608.09 47.46
2023-07-11_08:15:00 0.0 29.64 72.27 0.78 156.83 599.07 646.78 596.29 50.49
2023-07-11_08:30:00 0.0 29.83 71.83 0.98 162.0 599.07 608.16 557.67 50.49
2023-07-11_08:45:00 0.0 30.09 71.1 0.83 168.49 697.35 584.79 531.91 52.88
2023-07-11_09:00:00 0.0 30.28 70.58 0.75 156.02 697.35 541.56 488.68 52.88
2023-07-11_09:15:00 0.0 30.48 70.01 0.45 122.88 784.65 507.84 453.05 54.79
2023-07-11_09:30:00 0.0 30.64 69.38 0.54 76.07 784.65 460.91 406.12 54.79
2023-07-11_09:45:00 0.0 30.81 68.59 1.34 70.82 859.52 419.88 363.6 56.28
2023-07-11_10:00:00 0.0 30.85 68.56 1.67 68.82 859.52 370.23 313.95 56.28
2023-07-11_10:15:00 0.0 30.92 68.54 1.84 66.32 919.36 323.79 266.35 57.43
2023-07-11_10:30:00 0.0 30.92 68.76 1.97 64.72 919.36 272.6 215.16 57.43
2023-07-11_10:45:00 0.0 30.97 68.91 2.39 72.29 963.56 223.34 165.12 58.23
2023-07-11_11:00:00 0.0 30.92 69.53 2.87 75.78 963.56 172.61 114.39 58.23
2023-07-11_11:15:00 0.0 30.85 70.32 3.01 77.42 983.6 126.14 66.99 59.15
2023-07-11_11:30:00 0.0 30.77 71.3 3.64 76.4 983.6 66.0 6.84 59.15
2023-07-11_11:45:00 0.0 30.64 72.51 3.6 77.88 996.43 59.15 0.0 59.15
2023-07-11_12:00:00 0.0 30.56 73.37 3.31 78.41 996.43 59.15 0.0 59.15
2023-07-11_12:15:00 0.0 30.5 73.89 3.34 76.53 981.91 69.46 0.0 69.46
2023-07-11_12:30:00 0.0 30.48 73.95 3.48 75.35 981.91 69.46 0.0 69.46
2023-07-11_12:45:00 0.0 30.48 73.92 3.4 74.95 963.65 60.37 0.0 60.37
2023-07-11_13:00:00 0.0 30.51 73.81 3.56 75.24 963.65 60.37 0.0 60.37
2023-07-11_13:15:00 0.0 30.5 73.87 3.42 76.57 900.44 82.41 0.0 82.41
2023-07-11_13:30:00 0.0 30.48 74.09 3.38 78.76 900.44 82.41 0.0 82.41
2023-07-11_13:45:00 0.0 30.4 74.61 3.12 82.7 834.58 105.07 0.0 105.07
2023-07-11_14:00:00 0.0 30.35 74.92 3.04 87.81 834.58 105.07 0.0 105.07
2023-07-11_14:15:00 0.0 30.2 75.53 3.42 95.72 774.18 109.82 0.0 109.82
2023-07-11_14:30:00 0.0 30.05 76.16 3.46 103.63 774.18 109.82 0.0 109.82
2023-07-11_14:45:00 0.0 29.88 76.83 3.06 113.9 682.93 118.71 0.0 118.71
2023-07-11_15:00:00 0.0 29.79 77.15 2.92 116.62 682.93 118.71 0.0 118.71
2023-07-11_15:15:00 0.0 29.65 77.72 2.7 109.64 569.9 110.41 0.0 110.41
2023-07-11_15:30:00 0.0 29.6 78.03 2.84 111.18 569.9 110.41 0.0 110.41
2023-07-11_15:45:00 0.0 29.48 78.5 2.65 119.99 474.79 89.56 0.0 89.56
2023-07-11_16:00:00 0.0 29.44 78.62 2.92 124.13 474.79 89.56 0.0 89.56
2023-07-11_16:15:00 0.0 29.2 79.58 3.23 122.34 379.88 94.63 0.0 94.63
2023-07-11_16:30:00 0.01 29.2 79.53 3.25 136.03 379.88 94.63 0.0 94.63
2023-07-11_16:45:00 0.02 29.1 79.76 2.81 145.07 269.21 102.89 0.0 102.89
2023-07-11_17:00:00 0.02 29.12 79.47 2.6 141.64 269.21 102.89 0.0 102.89
2023-07-11_17:15:00 0.01 28.94 80.33 2.69 139.09 164.41 62.1 0.0 62.1
2023-07-11_17:30:00 0.02 28.86 80.99 2.47 131.75 164.41 62.1 0.0 62.1
2023-07-11_17:45:00 0.0 28.4 84.39 2.44 129.47 63.12 33.96 0.0 33.96
2023-07-11_18:00:00 0.0 28.2 86.07 2.53 125.75 63.12 33.96 0.0 33.96
2023-07-11_18:15:00 0.0 27.28 90.66 2.15 148.68 0.0 0.0 0.0 0.0
2023-07-11_18:30:00 0.0 27.11 91.68 2.47 154.49 0.0 0.0 0.0 0.0
2023-07-11_18:45:00 0.0 27.04 92.52 2.69 151.86 0.0 0.0 0.0 0.0
2023-07-11_19:00:00 0.0 27.07 92.71 2.99 158.5 0.0 0.0 0.0 0.0
2023-07-11_19:15:00 0.01 26.89 93.67 3.06 154.98 0.0 0.0 0.0 0.0
2023-07-11_19:30:00 0.01 26.86 93.81 2.82 163.27 0.0 0.0 0.0 0.0
2023-07-11_19:45:00 0.02 26.91 93.39 2.34 178.07 0.0 0.0 0.0 0.0
2023-07-11_20:00:00 0.03 26.9 92.92 2.36 176.56 0.0 0.0 0.0 0.0
2023-07-11_20:15:00 0.03 26.84 92.73 2.54 160.04 0.0 0.0 0.0 0.0
2023-07-11_20:30:00 0.03 26.83 92.36 2.78 163.89 0.0 0.0 0.0 0.0
2023-07-11_20:45:00 0.04 26.74 92.51 2.23 174.78 0.0 0.0 0.0 0.0
2023-07-11_21:00:00 0.04 26.72 92.28 2.15 166.72 0.0 0.0 0.0 0.0
2023-07-11_21:15:00 0.05 26.77 92.18 2.44 161.4 0.0 0.0 0.0 0.0
2023-07-11_21:30:00 0.06 26.73 92.3 1.95 167.66 0.0 0.0 0.0 0.0
2023-07-11_21:45:00 0.06 26.69 92.18 2.4 166.93 0.0 0.0 0.0 0.0
2023-07-11_22:00:00 0.06 26.69 92.06 2.66 173.8 0.0 0.0 0.0 0.0
2023-07-11_22:15:00 0.06 26.58 92.18 2.6 179.19 0.0 0.0 0.0 0.0
2023-07-11_22:30:00 0.07 26.54 92.1 2.44 181.36 0.0 0.0 0.0 0.0
2023-07-11_22:45:00 0.07 26.67 90.77 2.85 190.23 0.0 0.0 0.0 0.0
2023-07-11_23:00:00 0.07 26.67 89.97 3.12 196.91 0.0 0.0 0.0 0.0
2023-07-11_23:15:00 0.08 26.59 89.86 2.67 200.78 0.0 0.0 0.0 0.0
2023-07-11_23:30:00 0.08 26.5 89.71 2.12 211.0 0.0 0.0 0.0 0.0
2023-07-11_23:45:00 0.05 26.53 89.05 2.11 209.06 0.0 0.0 0.0 0.0
2023-07-12_00:00:00 0.05 26.55 88.61 1.76 200.71 0.0 0.0 0.0 0.0
2023-07-12_00:15:00 0.06 26.54 88.62 0.95 197.77 0.0 0.0 0.0 0.0
2023-07-12_00:30:00 0.06 26.52 88.56 0.59 201.6 0.0 0.0 0.0 0.0
2023-07-12_00:45:00 0.04 26.5 88.31 0.67 170.81 0.0 0.0 0.0 0.0
2023-07-12_01:00:00 0.06 26.46 88.58 1.23 156.21 0.0 0.0 0.0 0.0
2023-07-12_01:15:00 0.07 26.49 88.85 1.57 148.31 0.0 0.0 0.0 0.0
2023-07-12_01:30:00 0.07 26.44 89.36 1.47 149.23 0.0 0.0 0.0 0.0
2023-07-12_01:45:00 0.07 26.33 89.84 1.37 160.38 0.0 0.0 0.0 0.0
2023-07-12_02:00:00 0.08 26.27 89.93 1.29 181.97 0.0 0.0 0.0 0.0
2023-07-12_02:15:00 0.09 26.29 89.54 1.37 181.02 0.0 0.0 0.0 0.0
2023-07-12_02:30:00 0.04 26.29 89.38 1.11 175.87 0.0 0.0 0.0 0.0
2023-07-12_02:45:00 0.03 26.26 89.38 0.86 172.22 0.0 0.0 0.0 0.0
2023-07-12_03:00:00 0.05 26.24 89.41 0.95 166.74 0.0 0.0 0.0 0.0
2023-07-12_03:15:00 0.06 26.21 89.47 1.1 172.68 0.0 0.0 0.0 0.0
2023-07-12_03:30:00 0.03 26.19 89.42 1.28 182.13 0.0 0.0 0.0 0.0
2023-07-12_03:45:00 0.02 26.14 89.51 1.27 184.43 0.0 0.0 0.0 0.0
2023-07-12_04:00:00 0.05 26.07 89.65 1.24 177.49 0.0 0.0 0.0 0.0
2023-07-12_04:15:00 0.04 26.05 89.85 1.31 160.58 0.0 0.0 0.0 0.0
2023-07-12_04:30:00 0.01 25.97 90.51 1.71 168.58 0.0 0.0 0.0 0.0
2023-07-12_04:45:00 0.0 25.86 91.1 1.86 169.49 0.0 0.0 0.0 0.0
2023-07-12_05:00:00 0.0 25.79 91.55 1.93 170.77 0.0 0.0 0.0 0.0
2023-07-12_05:15:00 0.0 25.75 91.84 2.06 175.68 0.0 0.0 0.0 0.0
2023-07-12_05:30:00 0.01 25.71 91.92 2.03 183.66 0.0 0.0 0.0 0.0
2023-07-12_05:45:00 0.02 26.44 89.99 1.54 188.16 38.3 162.31 134.85 27.45
2023-07-12_06:00:00 0.0 26.43 89.61 1.64 202.93 38.3 160.23 132.78 27.45
2023-07-12_06:15:00 0.0 27.03 85.68 1.77 194.69 126.02 387.18 329.7 57.48
2023-07-12_06:30:00 0.0 27.23 84.9 1.85 186.24 126.02 379.54 322.06 57.48
2023-07-12_06:45:00 0.0 27.72 82.67 1.85 186.51 239.19 601.12 554.52 46.59
2023-07-12_07:00:00 0.0 27.96 81.46 1.76 192.62 239.19 583.61 537.02 46.59
